
81,0
81,0
81,0
81,0
81,0
81,0
79,0
77,0
75,0
73,0
71,0
69,0
67,0
65,0
63,0
62,0
61,0
60,0
58,0,1
57,0,1
55,0,1
53,0,1
52,0,1
51,0,1
49,0,1
48,0,1
46,0,1
45,0,1
43,0,1
42,0,1
41,0,1
39,0,1
38,0,1
36,0,1
34,0,1
32,0,1,2
31,0,1,2
31,0,1
30,0,1
28,0,1
26,0,1,2
24,0,1,2
22,0,1,2
20,0,1,2
18,0,1,2
17,0,1,2
15,0,1,2
13,0,1,2,3
12,0,1,2,3
11,0,1,2,3
9,0,1,2,3,4
7,0,1,2,3,4,5,6,7
5,0,1,2,3,4,5
3,0,1,2,3
1,0,1
80,0
78,0
76,0
74,0
72,0
71,0
69,0
67,0
65,0
63,0
62,0
61,0
60,0
58,0,1
57,0,1
56,0,1
55,0,1
54,0,1
53,0,1
52,0,1
51,0,1
51,0,1
49,0,1
48,0,1
48,0,1
47,0,1
47,0,1
46,0,1
45,0,1
43,0,1
41,0,1
40,0,1
38,0,1
38,0,1
37,0,1
36,0,1
35,0,1,2
33,0,1,2
33,0,1,2
32,0,1,2
31,0,1,2
29,0,1,2
28,0,1,2
26,0,1,2
24,0,1,2
22,0,1,2
20,0,1,2
19,0,1,2
17,0,1,2
16,0,1,2
16,0,1,2
14,0,1,2
12,0,1,2,3
10,0,1,2,3
8,0,1,2,3,4,5
6,0,1,2,3,4,5,6
4,0,1,2,3,4
2,0,1,2
81,0
79,0
77,0
75,0
73,0
71,0
69,0
67,0
65,0
63,0
62,0
60,0
58,0,1
57,0,1
55,0,1
54,0,1
52,0,1
50,0,1
49,0,1
47,0,1
46,0,1
46,0,1
44,0,1
42,0,1
42,0,1
40,0,1
38,0,1
37,0,1
36,0,1
35,0,1,2
34,0,1,2
32,0,1,2
31,0,1,2
30,0,1,2
29,0,1,2
27,0,1,2
25,0,1,2
25,0,1,2
23,0,1,2
22,0,1,2
21,0,1,2
20,0,1,2
18,0,1,2
16,0,1,2
14,0,1,2
13,0,1,2,3
11,0,1,2,3
10,0,1,2,3
9,0,1,2,3,4,5
7,0,1,2,3,4,5,6
5,0,1,2,3,4,5
3,0,1,2,3
1,0,1
80,0
78,0
76,0
74,0
72,0
70,0
68,0
66,0
64,0
62,0
61,0
60,0
58,0
58,0
57,0
56,0,1
54,0,1
53,0,1
52,0,1
50,0,1
48,0,1
48,0,1
46,0,1
45,0,1
44,0,1
43,0,1
42,0,1
41,0,1
41,0,1
39,0,1
37,0,1
35,0,1,2
33,0,1,2
31,0,1,2
30,0,1,2
29,0,1,2
27,0,1
25,0,1,2
23,0,1
21,0,1,2
19,0,1,2
18,0,1,2
17,0,1,2
16,0,1,2
14,0,1,2
14,0,1,2
12,0,1,2,3
10,0,1,2,3,4
8,0,1,2,3,4,5
6,0,1,2,3,4,5,6
4,0,1,2,3,4
2,0,1,2
81,0
79,0
77,0
75,0
73,0
71,0
69,0
68,0
66,0
64,0
62,0
61,0
60,0
59,0
58,0
57,0
55,0,1
53,0,1
52,0,1
50,0,1
49,0,1
47,0,1
46,0,1
45,0,1
45,0,1
44,0,1
43,0,1
42,0,1
42,0,1
40,0,1
38,0,1
36,0,1
34,0,1
32,0,1,2
31,0,1,2
29,0,1,2
29,0,1,2
28,0,1,2
27,0,1,2
25,0,1,2
23,0,1,2
21,0,1,2
20,0,1,2
19,0,1,2
18,0,1,2
17,0,1,2
16,0,1,2
15,0,1,2,3
13,0,1,2,3
11,0,1,2,3
9,0,1,2,3,4
7,0,1,2,3,4,5,6
5,0,1,2,3,4,5
3,0,1,2,3
1,0,1
80,0
78,0
76,0
74,0
72,0
70,0
68,0
66,0
65,0
63,0
62,0
61,0
59,0
58,0
56,0,1
54,0,1
52,0,1
51,0,1
51,0,1
49,0,1
47,0,1
46,0,1
45,0,1
45,0,1
44,0,1
44,0,1
43,0,1
42,0,1
40,0,1
38,0,1,2
37,0,1,2
36,0,1,2
34,0,1,2
32,0,1
30,0,1,2
28,0,1,2
27,0,1
81,0
79,0
77,0
75,0
73,0
71,0
69,0
67,0
66,0
64,0
62,0
60,0
59,0,1
58,0,1
56,0,1
55,0,1
53,0,1
53,0,1
51,0,1
50,0,1
48,0,1
48,0,1
47,0,1
47,0,1
46,0,1
45,0,1
45,0,1
44,0,1
42,0,1
42,0,1
40,0,1
38,0,1
36,0,1
36,0,1
34,0,1
33,0,1,2
31,0,1,2
30,0,1,2
29,0,1,2
27,0,1,2
26,0,1,2
24,0,1,2
23,0,1
21,0,1,2
19,0,1,2
17,0,1,2
15,0,1,2
13,0,1,2,3
11,0,1,2,3
10,0,1,2,3,4
8,0,1,2,3,4,5
6,0,1,2,3,4,5,6
4,0,1,2,3,4
2,0,1,2
80,0
78,0
76,0
74,0
72,0
70,0
68,0
66,0
64,0
62,0
61,0
60,0
58,0,1
58,0
57,0,1
55,0,1
55,0,1
53,0,1
52,0,1
50,0,1
50,0,1
49,0,1
48,0,1
47,0,1
45,0,1
44,0,1
43,0,1
41,0,1
39,0,1
37,0,1
35,0,1,2
35,0,1,2
34,0,1,2
34,0,1,2
32,0,1,2
30,0,1,2
28,0,1,2
28,0,1,2
26,0,1,2
24,0,1
22,0,1,2
20,0,1,2
18,0,1,2
17,0,1,2
16,0,1,2
14,0,1,2,3
12,0,1,2,3
10,0,1,2,3
9,0,1,2,3,4
8,0,1,2,3,4
7,0,1,2,3,4,5,6,7
5,0,1,2,3,4,5
3,0,1,2,3
1,0,1
81,0
79,0
77,0
75,0
73,0
71,0
69,0
67,0
66,0
64,0
62,0
60,0
58,0,1
57,0,1
55,0,1
54,0,1
53,0,1
51,0,1
49,0,1
48,0,1
47,0,1
45,0,1
45,0,1
43,0,1
43,0,1
42,0,1
41,0,1
39,0,1
37,0,1
35,0,1,2
34,0,1,2
32,0,1
30,0,1,2
29,0,1,2
27,0,1,2
26,0,1,2
24,0,1,2
23,0,1,2
21,0,1,2
19,0,1,2
17,0,1,2
16,0,1,2
14,0,1,2
12,0,1,2,3
10,0,1,2,3,4
8,0,1,2,3,4,5
6,0,1,2,3,4,5,6
4,0,1,2,3,4
2,0,1,2
80,0
78,0
76,0
74,0
72,0
70,0
68,0
66,0
64,0
62,0
60,0
58,0,1
57,0,1
56,0,1
54,0,1
53,0,1
52,0,1
51,0,1
49,0,1
49,0,1
48,0,1
47,0,1
45,0,1
43,0,1
42,0,1
40,0,1
39,0,1
39,0,1
38,0,1
37,0,1
35,0,1,2
33,0,1,2
32,0,1,2
32,0,1,2
31,0,1,2
30,0,1,2
28,0,1,2
26,0,1,2
24,0,1,2
22,0,1,2
20,0,1,2
19,0,1,2
17,0,1,2
15,0,1,2
13,0,1,2,3
11,0,1,2,3
10,0,1,2,3
8,0,1,2,3,4
6,0,1,2,3,4,5,6
4,0,1,2,3,4
2,0,1,2
<<<<<<< Updated upstream
64,0,1
63,0,1
63,0
63,0,1
62,0,1
62,0,1
61,0,1
59,0,1
58,0,1
57,0,1
55,0,1
55,0,1
53,0,1
53,0,1
52,0,1,2
51,0,1
49,0,1
48,0,1,2
47,0,1,2
46,0,1,2
46,0,1,2
44,0,1,2
42,0,1,2
41,0,1,2
40,0,1,2
39,0,1,2
38,0,1,2
38,0,1,2
36,0,1,2
=======
81,0
79,0
77,0
75,0
73,0
71,0
69,0
67,0
65,0
63,0
61,0
60,0
59,0
58,0
56,0,1
55,0,1
54,0,1
53,0,1
52,0,1
51,0,1
50,0,1
49,0,1
47,0,1
46,0,1
46,0,1
45,0,1
45,0,1
43,0,1
41,0,1
39,0,1
38,0,1
37,0,1
>>>>>>> Stashed changes
35,0,1,2
33,0,1,2
32,0,1,2
31,0,1,2
<<<<<<< Updated upstream
30,0,1,2
30,0,1,2
28,0,1,2
27,0,1,2
26,0,1,2
24,0,1,2
23,0,1,2
21,0,1,2,3
19,0,1,2,3
17,0,1,2,3
15,0,1,2,3
13,0,1,2,3,4
11,0,1,2,3,4
9,0,1,2,3,4,5
=======
29,0,1,2
27,0,1,2
25,0,1,2
23,0,1,2
22,0,1,2
21,0,1,2
21,0,1,2
19,0,1,2
17,0,1,2
15,0,1,2
13,0,1,2,3
11,0,1,2,3
9,0,1,2,3,4
>>>>>>> Stashed changes
7,0,1,2,3,4,5,6,7
5,0,1,2,3,4,5
3,0,1,2,3
1,0,1
<<<<<<< Updated upstream
63,0,1
63,0,1
63,0,1
62,0,1
62,0
61,0,1
59,0,1
58,0,1
57,0,1
55,0,1
55,0,1
53,0,1
53,0,1
52,0,1
51,0,1
49,0,1
48,0,1
47,0,1,2
46,0,1,2
46,0,1,2
44,0,1,2
42,0,1,2
41,0,1,2
40,0,1,2
39,0,1,2
38,0,1,2
38,0,1,2
36,0,1,2
35,0,1,2
33,0,1,2
32,0,1,2
31,0,1,2
30,0,1,2
29,0,1,2
28,0,1,2
26,0,1,2
24,0,1,2
23,0,1,2
21,0,1,2,3
19,0,1,2,3
17,0,1,2,3
15,0,1,2,3
13,0,1,2,3
11,0,1,2,3,4
9,0,1,2,3,4,5
7,0,1,2,3,4,5,6,7
5,0,1,2,3,4,5
3,0,1,2,3
1,0,1
64,0,1
63,0
63,0,1
63,0,1
62,0,1
62,0,1
61,0,1
59,0,1
58,0,1
57,0,1
55,0,1
55,0,1
53,0,1
53,0,1
52,0,1
51,0,1
49,0,1,2
48,0,1,2
46,0,1,2
46,0,1,2
45,0,1,2
43,0,1,2
41,0,1,2
41,0,1,2
39,0,1,2
39,0,1,2
38,0,1,2
37,0,1,2
36,0,1,2
34,0,1,2
33,0,1,2
32,0,1,2
31,0,1,2
30,0,1,2
30,0,1,2
28,0,1,2
27,0,1,2
26,0,1,2
24,0,1,2
23,0,1,2
21,0,1,2,3
19,0,1,2,3
17,0,1,2,3
15,0,1,2,3
13,0,1,2,3
11,0,1,2,3,4
9,0,1,2,3,4,5
7,0,1,2,3,4,5,6,7
5,0,1,2,3,4,5
3,0,1,2,3
1,0,1
63,0,1
63,0
62,0,1
61,0,1
60,0,1
59,0,1
57,0,1
56,0,1
55,0,1
54,0,1
53,0,1
52,0,1
=======
80,0
78,0
76,0
74,0
72,0
70,0
68,0
66,0
64,0
63,0
62,0
61,0
59,0
57,0,1
55,0,1
55,0,1
54,0,1
53,0,1
52,0,1
51,0,1
50,0,1
50,0,1
49,0,1
49,0,1
48,0,1
46,0,1
45,0,1
44,0,1
42,0,1
41,0,1
39,0,1
38,0,1
37,0,1
37,0,1
35,0,1,2
35,0,1,2
34,0,1,2
32,0,1
30,0,1,2
28,0,1
26,0,1,2
24,0,1,2
22,0,1,2
21,0,1,2
21,0,1,2
19,0,1,2
17,0,1,2
15,0,1,2
14,0,1,2
12,0,1,2,3
11,0,1,2,3
9,0,1,2,3,4
7,0,1,2,3,4,5,6
5,0,1,2,3,4,5
3,0,1,2,3
1,0,1
81,0
79,0
77,0
75,0
73,0
71,0
69,0
67,0
65,0
63,0
61,0
60,0
59,0
58,0,1
57,0,1
55,0,1
54,0,1
53,0,1
>>>>>>> Stashed changes
51,0,1
50,0,1
48,0,1
47,0,1
46,0,1
<<<<<<< Updated upstream
45,0,1,2
45,0,1,2
43,0,1,2
41,0,1,2
41,0,1,2
39,0,1,2
37,0,1,2
36,0,1,2
35,0,1,2
33,0,1,2
32,0,1,2
=======
45,0,1
43,0,1
41,0,1
39,0,1
38,0,1
38,0,1
36,0,1,2
35,0,1,2
34,0,1,2
33,0,1,2
>>>>>>> Stashed changes
31,0,1,2
31,0,1,2
29,0,1,2
28,0,1,2
<<<<<<< Updated upstream
26,0,1,2
24,0,1,2
22,0,1,2
20,0,1,2,3
18,0,1,2,3
16,0,1,2,3
14,0,1,2,3
12,0,1,2,3,4
10,0,1,2,3,4
8,0,1,2,3,4,5,6
6,0,1,2,3,4,5,6
4,0,1,2,3,4
2,0,1,2
64,0,1
63,0,1
63,0,1
63,0,1
62,0,1
62,0,1
60,0,1
59,0,1
58,0,1
57,0,1
55,0,1
55,0,1
53,0
53,0,1
53,0,1
52,0,1
50,0,1
49,0,1
47,0,1
47,0,1,2
46,0,1,2
45,0,1,2
43,0,1,2
42,0,1,2
40,0,1,2
40,0,1,2
38,0,1,2
38,0,1,2
37,0,1,2
35,0,1,2
34,0,1,2
32,0,1,2
32,0,1,2
30,0,1,2
30,0,1,2
28,0,1,2
27,0,1,2
26,0,1,2
24,0,1,2
23,0,1,2
21,0,1,2,3
19,0,1,2,3
17,0,1,2,3
15,0,1,2,3
13,0,1,2,3
11,0,1,2,3,4
9,0,1,2,3,4,5
7,0,1,2,3,4,5,6,7
5,0,1,2,3,4,5
3,0,1,2,3
1,0,1
63,0,1
63,0,1
63,0,1
62,0
62,0,1
61,0,1
59,0,1
58,0,1
57,0,1
64,0,1,2
63,0,1,2
63,0,1,2
63,0,1,2
62,0,1,2
62,0,1,2
60,0,1,2
59,0,1,2
58,0,1,2
58,0,1,2
56,0,1,2
54,0,1,2
53,0,1,2
51,0,1,2
51,0,1,2
50,0,1,2
49,0,1,2
48,0,1,2
46,0,1,2
44,0,1,2
42,0,1,2
41,0,1,2
39,0,1,2
39,0,1,2
64,0,1,2
63,0,1,2
63,0,1,2
63,0,1
64,0,1
63,0,1,2
63,0,1,2
63,0,1
62,0,1,2
62,0,1,2
60,0,1
59,0,1,2
58,0,1,2
57,0,1,2
56,0,1,2
55,0,1,2
53,0,1,2
52,0,1,2
51,0,1,2
50,0,1,2
49,0,1,2
48,0,1,2
46,0,1,2
44,0,1,2
42,0,1,2
41,0,1,2
40,0,1,2
39,0,1,2
38,0,1,2
38,0,1,2
36,0,1,2
35,0,1,2
=======
28,0,1,2
27,0,1,2
25,0,1,2
23,0,1,2
23,0,1,2
22,0,1,2
20,0,1,2
18,0,1,2,3
16,0,1,2
14,0,1,2,3
12,0,1,2,3
10,0,1,2,3
8,0,1,2,3,4
6,0,1,2,3,4,5,6
4,0,1,2,3,4
2,0,1,2
80,0
78,0
76,0
74,0
72,0
70,0
68,0
66,0
64,0
63,0
61,0
60,0
58,0
56,0
54,0,1
53,0,1
51,0,1
50,0,1
49,0,1
47,0,1
46,0,1
44,0,1
42,0,1
41,0,1
40,0,1
40,0,1
39,0,1
39,0,1
38,0,1
37,0,1
35,0,1
33,0,1,2
31,0,1,2
31,0,1,2
29,0,1,2
27,0,1,2
26,0,1,2
24,0,1,2
22,0,1,2
20,0,1,2
18,0,1,2
16,0,1,2
14,0,1,2
12,0,1,2,3
10,0,1,2,3,4
8,0,1,2,3,4,5
6,0,1,2,3,4,5,6
4,0,1,2,3,4
2,0,1,2
81,0
79,0
77,0
75,0
73,0
71,0
69,0
80,0
78,0
76,0
74,0
72,0
70,0
68,0
67,0
65,0
63,0
62,0
62,0
60,0
59,0
58,0
56,0
55,0,1
53,0,1
52,0,1
50,0,1
48,0,1
46,0,1
44,0,1
42,0,1
41,0,1
40,0,1
39,0,1
38,0,1,2
37,0,1
35,0,1
33,0,1
31,0,1,2
29,0,1,2
29,0,1
29,0,1,2
28,0,1,2
27,0,1
25,0,1,2
24,0,1,2
22,0,1,2
21,0,1,2
19,0,1,2
17,0,1,2
15,0,1,2
13,0,1,2,3
12,0,1,2,3
10,0,1,2,3
9,0,1,2,3,4
7,0,1,2,3,4,5,6,7
81,0
79,0
77,0
75,0
73,0
71,0
69,0
68,0
66,0
64,0
62,0
61,0
60,0
60,0
59,0
59,0
57,0
56,0
55,0
53,0,1
52,0,1
50,0,1
50,0,1
49,0,1
48,0,1
47,0,1
45,0,1
44,0,1
43,0,1
42,0,1
40,0,1
39,0,1
37,0,1
36,0,1,2
36,0,1,2
35,0,1
33,0,1
31,0,1,2
30,0,1,2
29,0,1,2
27,0,1,2
26,0,1,2
26,0,1,2
24,0,1,2
22,0,1,2
21,0,1,2
20,0,1,2
18,0,1,2
16,0,1,2
14,0,1,2
12,0,1,2,3
10,0,1,2,3
9,0,1,2,3,4
7,0,1,2,3,4,5,6,7
5,0,1,2,3,4,5
3,0,1,2,3
1,0,1
80,0
78,0
76,0
74,0
72,0
70,0
68,0
67,0
65,0
63,0
61,0
60,0
59,0
58,0
56,0,1
55,0,1
53,0,1
52,0,1
52,0,1
50,0,1
48,0,1
46,0,1
46,0,1
44,0,1
43,0,1
43,0,1
41,0,1
39,0,1
37,0,1
35,0,1,2
34,0,1,2
33,0,1,2
31,0,1,2
30,0,1,2
29,0,1,2
27,0,1,2
25,0,1,2
23,0,1,2
22,0,1,2
20,0,1,2
20,0,1,2
18,0,1,2
18,0,1,2
16,0,1,2
14,0,1,2,3
12,0,1,2,3
10,0,1,2,3,4
8,0,1,2,3,4
7,0,1,2,3,4,5,6
5,0,1,2,3,4,5
3,0,1,2,3
1,0,1
81,0
79,0
77,0
75,0
73,0
71,0
69,0
67,0
65,0
63,0
61,0,1
60,0
58,0,1
56,0,1
55,0,1
53,0,1
52,0,1
50,0,1
48,0,1
46,0,1
45,0,1
43,0,1
43,0,1
41,0,1
40,0,1
38,0,1
36,0,1
35,0,1
33,0,1,2
32,0,1,2
30,0,1,2
29,0,1,2
28,0,1,2
27,0,1,2
26,0,1,2
25,0,1,2
24,0,1,2
22,0,1,2
21,0,1,2
20,0,1,2
19,0,1,2
18,0,1,2
16,0,1,2
14,0,1,2
12,0,1,2,3
10,0,1,2,3
8,0,1,2,3,4
6,0,1,2,3,4,5,6
4,0,1,2,3,4
2,0,1,2
80,0
78,0
76,0
74,0
72,0
70,0
68,0
67,0
65,0
63,0
62,0
61,0
59,0
58,0
57,0
55,0
53,0,1
52,0,1
52,0,1
52,0,1
50,0,1
49,0,1
47,0,1
46,0,1
45,0,1
44,0,1
42,0,1
40,0,1
39,0,1
37,0,1
35,0,1
33,0,1,2
32,0,1,2
31,0,1,2
29,0,1,2
27,0,1,2
27,0,1,2
26,0,1,2
24,0,1,2
23,0,1,2
21,0,1,2
20,0,1,2
19,0,1,2
19,0,1,2
18,0,1,2
16,0,1,2,3
14,0,1,2
12,0,1,2,3
10,0,1,2,3
8,0,1,2,3,4
6,0,1,2,3,4,5,6
4,0,1,2,3,4
2,0,1,2
81,0
79,0
77,0
75,0
73,0
71,0
69,0
67,0
65,0
64,0
62,0
61,0
60,0
58,0,1
57,0,1
56,0,1
54,0,1
52,0,1
51,0,1
49,0,1
48,0,1
47,0,1
47,0,1
46,0,1
44,0,1
42,0,1
42,0,1
41,0,1
41,0,1
39,0,1
37,0,1
37,0,1
35,0,1
33,0,1,2
33,0,1,2
31,0,1,2
29,0,1,2
29,0,1,2
28,0,1,2
26,0,1,2
26,0,1,2
24,0,1,2
23,0,1,2
22,0,1,2
21,0,1,2
20,0,1,2
19,0,1,2
18,0,1,2
16,0,1,2
14,0,1,2,3
12,0,1,2,3
10,0,1,2,3
8,0,1,2,3,4,5
6,0,1,2,3,4,5,6
4,0,1,2,3,4
2,0,1,2
80,0
78,0
76,0
74,0
72,0
70,0
68,0
66,0
65,0
64,0
64,0
63,0
61,0
61,0
60,0
59,0
57,0
57,0
57,0
56,0
54,0
53,0,1
52,0,1
51,0,1
50,0,1
48,0,1
48,0,1
47,0,1
45,0,1
44,0,1
43,0,1
42,0,1
41,0,1
39,0,1
38,0,1
36,0,1,2
35,0,1,2
35,0,1,2
33,0,1,2
32,0,1,2
32,0,1,2
30,0,1,2
29,0,1,2
27,0,1,2
26,0,1,2
24,0,1,2
22,0,1,2
20,0,1,2
18,0,1,2
16,0,1,2
15,0,1,2
13,0,1,2,3
11,0,1,2,3
9,0,1,2,3,4
7,0,1,2,3,4,5,6
5,0,1,2,3,4,5
3,0,1,2,3
1,0,1
81,0
79,0
77,0
75,0
73,0
71,0
69,0
67,0
65,0
63,0
61,0
60,0
59,0
58,0
56,0,1
55,0,1
53,0,1
52,0,1
51,0,1
50,0,1
49,0,1
48,0,1
46,0,1
46,0,1
45,0,1
43,0,1
43,0,1
43,0,1
41,0,1
41,0,1
39,0,1
37,0,1
36,0,1,2
35,0,1
33,0,1
31,0,1,2
29,0,1,2
29,0,1,2
27,0,1,2
26,0,1,2
24,0,1,2
22,0,1,2
20,0,1,2
18,0,1,2
16,0,1,2
14,0,1,2
13,0,1,2,3
12,0,1,2,3
10,0,1,2,3
8,0,1,2,3,4,5
6,0,1,2,3,4,5,6
4,0,1,2,3,4
2,0,1,2
80,0
78,0
76,0
74,0
72,0
70,0
68,0
66,0
64,0
63,0
62,0
60,0
58,0
56,0,1
55,0,1
53,0,1
51,0,1
49,0,1
47,0,1
45,0,1
44,0,1
42,0,1
42,0,1
40,0,1
39,0,1
38,0,1
38,0,1
37,0,1
36,0,1
34,0,1
32,0,1
30,0,1,2
29,0,1,2
28,0,1,2
27,0,1,2
26,0,1,2
26,0,1,2
24,0,1,2
23,0,1,2
21,0,1,2
19,0,1,2
17,0,1,2
15,0,1,2
13,0,1,2,3
11,0,1,2,3
9,0,1,2,3,4
7,0,1,2,3,4,5,6,7
5,0,1,2,3,4,5
3,0,1,2,3
1,0,1
81,0
79,0
77,0
75,0
73,0
71,0
69,0
67,0
65,0
63,0
62,0
60,0
60,0
58,0
57,0,1
55,0,1
54,0,1
53,0,1
52,0,1
52,0,1
50,0,1
50,0,1
50,0,1
48,0,1
47,0,1
45,0,1
44,0,1
42,0,1
40,0,1
40,0,1
38,0,1
36,0,1
34,0,1,2
32,0,1,2
32,0,1,2
30,0,1,2
29,0,1,2
27,0,1,2
25,0,1,2
25,0,1,2
23,0,1,2
21,0,1,2
20,0,1,2
18,0,1,2
16,0,1,2
14,0,1,2
12,0,1,2,3
11,0,1,2,3
9,0,1,2,3,4
7,0,1,2,3,4,5,6
5,0,1,2,3,4,5
3,0,1,2,3
1,0,1
80,0
78,0
76,0
74,0
72,0
70,0
68,0
66,0
65,0
64,0
62,0
60,0,1
59,0
57,0
56,0
55,0,1
53,0,1
52,0,1
51,0,1
50,0,1
50,0,1
48,0,1
47,0,1
47,0,1
45,0,1
44,0,1
43,0,1
42,0,1
40,0,1
40,0,1
39,0,1
38,0,1,2
36,0,1,2
34,0,1
32,0,1,2
30,0,1,2
28,0,1
26,0,1,2
25,0,1,2
24,0,1,2
23,0,1,2
23,0,1,2
21,0,1,2
19,0,1,2
17,0,1,2
15,0,1,2
13,0,1,2,3
11,0,1,2,3
9,0,1,2,3,4
7,0,1,2,3,4,5,6,7
5,0,1,2,3,4,5
3,0,1,2,3
1,0,1
81,0
79,0
77,0
75,0
73,0
71,0
70,0
68,0
66,0
64,0
63,0
61,0
60,0
59,0
58,0
56,0,1
55,0,1
53,0,1
52,0,1
51,0,1
51,0,1
50,0,1
49,0,1
48,0,1
47,0,1
46,0,1
44,0,1
44,0,1
42,0,1
42,0,1
41,0,1
40,0,1
39,0,1
39,0,1
39,0,1
38,0,1
37,0,1
35,0,1
33,0,1,2
32,0,1,2
32,0,1,2
30,0,1,2
29,0,1,2
27,0,1,2
27,0,1,2
25,0,1,2
23,0,1,2
21,0,1,2
19,0,1,2
18,0,1,2
16,0,1,2,3
14,0,1,2,3
13,0,1,2,3
11,0,1,2,3
9,0,1,2,3,4
7,0,1,2,3,4,5,6,7
5,0,1,2,3,4,5
3,0,1,2,3
1,0,1
80,0
78,0
76,0
74,0
72,0
70,0
68,0
66,0
81,0
79,0
77,0
75,0
73,0
71,0
69,0
67,0
65,0
63,0
61,0
60,0
58,0,1
57,0,1
56,0,1
54,0,1
53,0,1
51,0,1
49,0,1
48,0,1
48,0,1
48,0,1
47,0,1
46,0,1
45,0,1
44,0,1
43,0,1
41,0,1
39,0,1
37,0,1
37,0,1
35,0,1
33,0,1
32,0,1,2
30,0,1,2
29,0,1,2
28,0,1,2
27,0,1,2
26,0,1,2
24,0,1,2
23,0,1,2
21,0,1,2
20,0,1,2
19,0,1,2
19,0,1,2
18,0,1,2
17,0,1,2,3
15,0,1,2
13,0,1,2,3
11,0,1,2,3
9,0,1,2,3,4
7,0,1,2,3,4,5,6,7
5,0,1,2,3,4,5
3,0,1,2,3
1,0,1
80,0
78,0
76,0
74,0
72,0
70,0
68,0
66,0
64,0
63,0
62,0
61,0
59,0
57,0,1
56,0,1
55,0,1
53,0,1
51,0,1
49,0,1
47,0,1
46,0,1
44,0,1
42,0,1
40,0,1
39,0,1
39,0,1
38,0,1
36,0,1,2
34,0,1
32,0,1
30,0,1,2
30,0,1,2
28,0,1
26,0,1
24,0,1,2
23,0,1,2
21,0,1,2
20,0,1,2
18,0,1,2
17,0,1,2
16,0,1,2
14,0,1,2,3
12,0,1,2,3
10,0,1,2,3,4
8,0,1,2,3,4
6,0,1,2,3,4,5,6
4,0,1,2,3,4
2,0,1,2
81,0
79,0
77,0
75,0
73,0
71,0
69,0
67,0
65,0
63,0
61,0
61,0
59,0
58,0
57,0
55,0
53,0
51,0,1
50,0,1
49,0,1
48,0,1
46,0,1
44,0,1
43,0,1
43,0,1
41,0,1
40,0,1
38,0,1
38,0,1
36,0,1
35,0,1
33,0,1
32,0,1,2
31,0,1,2
30,0,1,2
30,0,1,2
28,0,1,2
27,0,1
25,0,1,2
24,0,1,2
23,0,1,2
21,0,1,2
20,0,1,2
18,0,1,2
16,0,1,2
14,0,1,2
12,0,1,2,3
10,0,1,2,3
8,0,1,2,3,4
6,0,1,2,3,4,5,6
4,0,1,2,3,4
2,0,1,2
80,0
78,0
76,0
74,0
72,0
70,0
68,0
66,0
64,0
62,0
61,0
60,0
59,0
57,0,1
56,0,1
54,0,1
53,0,1
52,0,1
50,0,1
49,0,1
48,0,1
46,0,1
46,0,1
45,0,1
43,0,1
42,0,1
40,0,1
38,0,1
38,0,1
36,0,1
34,0,1
32,0,1,2
31,0,1,2
31,0,1,2
29,0,1,2
27,0,1,2
26,0,1,2
25,0,1,2
25,0,1,2
23,0,1,2
21,0,1,2
19,0,1,2
18,0,1,2
16,0,1,2,3
14,0,1,2
12,0,1,2,3
10,0,1,2,3,4
8,0,1,2,3,4
6,0,1,2,3,4,5,6
4,0,1,2,3,4
2,0,1,2
81,0
79,0
77,0
75,0
73,0
71,0
69,0
67,0
66,0
64,0
62,0
60,0
58,0
56,0,1
54,0,1
53,0,1
51,0,1
49,0,1
47,0,1
45,0,1
43,0,1
43,0,1
43,0,1
42,0,1
40,0,1
38,0,1
36,0,1,2
80,0
78,0
76,0
74,0
72,0
70,0
68,0
67,0
65,0
63,0
61,0
60,0
60,0
59,0
58,0
57,0
55,0,1
54,0,1
53,0,1
53,0,1
52,0,1
50,0,1
49,0,1
48,0,1
46,0,1
44,0,1
44,0,1
43,0,1
43,0,1
41,0,1
41,0,1
39,0,1
39,0,1
37,0,1
37,0,1
35,0,1
33,0,1
33,0,1,2
32,0,1,2
31,0,1,2
31,0,1,2
30,0,1,2
28,0,1,2
26,0,1
24,0,1,2
24,0,1,2
24,0,1,2
22,0,1,2
21,0,1,2
19,0,1,2
17,0,1,2
15,0,1,2,3
13,0,1,2,3
11,0,1,2,3
9,0,1,2,3,4
7,0,1,2,3,4,5,6,7
5,0,1,2,3,4,5
3,0,1,2,3
1,0,1
81,0
79,0
77,0
75,0
73,0
71,0
69,0
67,0
65,0
63,0
61,0
60,0
59,0
57,0,1
56,0,1
55,0,1
53,0,1
52,0,1
51,0,1
49,0,1
48,0,1
46,0,1
45,0,1
44,0,1
43,0,1
43,0,1
42,0,1
40,0,1
39,0,1
38,0,1,2
37,0,1,2
36,0,1
34,0,1
32,0,1,2
30,0,1,2
30,0,1,2
28,0,1,2
26,0,1
24,0,1,2
22,0,1,2
21,0,1,2
20,0,1,2
18,0,1,2
17,0,1,2
15,0,1,2,3
13,0,1,2,3
11,0,1,2,3,4
9,0,1,2,3,4
7,0,1,2,3,4,5
5,0,1,2,3,4,5
3,0,1,2,3
1,0,1
80,0
78,0
76,0
74,0
72,0
70,0
68,0
67,0
66,0
64,0
62,0
60,0
58,0,1
56,0,1
55,0,1
54,0,1
52,0,1
50,0,1
49,0,1
47,0,1
46,0,1
46,0,1
45,0,1
43,0,1
42,0,1
40,0,1
38,0,1
36,0,1,2
36,0,1,2
34,0,1,2
32,0,1,2
30,0,1,2
28,0,1,2
27,0,1,2
26,0,1,2
24,0,1,2
22,0,1,2
21,0,1,2
19,0,1,2
17,0,1,2
15,0,1,2
13,0,1,2,3
11,0,1,2,3
9,0,1,2,3,4
7,0,1,2,3,4,5,6,7
5,0,1,2,3,4,5
3,0,1,2,3
1,0,1
81,0
79,0
77,0
75,0
73,0
71,0
69,0
68,0
66,0
65,0
64,0
62,0
61,0
60,0
80,0
78,0
76,0
74,0
72,0
71,0
70,0
68,0
66,0
65,0
63,0
61,0
59,0
57,0,1
55,0,1
54,0,1
53,0,1
51,0,1
50,0,1
49,0,1
47,0,1
45,0,1
45,0,1
44,0,1
43,0,1
42,0,1
41,0,1
39,0,1
39,0,1
38,0,1
37,0,1
35,0,1
33,0,1
31,0,1,2
30,0,1,2
28,0,1,2
28,0,1,2
27,0,1,2
27,0,1,2
25,0,1,2
24,0,1,2
24,0,1,2
22,0,1,2
21,0,1,2
20,0,1,2
20,0,1,2
18,0,1,2
16,0,1,2,3
14,0,1,2,3
12,0,1,2,3
10,0,1,2,3
8,0,1,2,3,4,5
6,0,1,2,3,4,5,6
4,0,1,2,3,4
2,0,1,2
81,0
81,0
81,0
81,0
81,0
81,0
81,0
81,0
81,0,1
79,0,1,2
77,0,1,2
75,0,1,2
73,0,1,2
71,0,1,2
69,0,1,2
67,0,1,2
65,0,1,2
63,0,1,2
61,0,1,2
60,0,1,2
58,0,1,2
57,0,1,2
55,0,1,2
54,0,1,2
54,0,1,2
53,0,1,2
52,0,1,2
51,0,1,2
50,0,1,2
48,0,1,2
46,0,1,2
45,0,1,2
45,0,1,2
43,0,1,2
41,0,1,2
39,0,1,2
38,0,1,2
36,0,1,2
36,0,1,2
35,0,1,2
34,0,1,2
32,0,1,2
31,0,1,2
29,0,1,2
28,0,1,2
27,0,1,2,3
25,0,1,2,3
23,0,1,2,3
22,0,1,2,3
21,0,1,2,3
19,0,1,2,3
17,0,1,2,3
15,0,1,2,3,4
13,0,1,2,3,4
12,0,1,2,3,4,5
10,0,1,2,3,4,5,6
8,0,1,2,3,4,5,6,7,8
6,0,1,2,3,4,5,6
4,0,1,2,3,4
2,0,1,2
80,0,1
78,0,1,2
76,0,1,2
74,0,1,2
72,0,1,2
70,0,1,2
68,0,1,2
66,0,1,2
64,0,1,2
62,0,1,2
61,0,1,2
60,0,1,2
58,0,1,2
57,0,1,2
55,0,1,2
54,0,1,2
53,0,1,2
52,0,1,2
51,0,1,2
49,0,1,2
47,0,1,2
45,0,1,2
45,0,1,2
44,0,1,2
42,0,1,2
40,0,1,2
39,0,1,2
37,0,1,2
36,0,1,2
35,0,1,2
34,0,1,2
33,0,1,2
32,0,1,2
30,0,1,2
29,0,1,2
28,0,1,2
27,0,1,2,3
25,0,1,2,3
23,0,1,2,3
21,0,1,2,3
20,0,1,2,3
18,0,1,2,3
16,0,1,2,3,4
14,0,1,2,3,4
12,0,1,2,3,4,5
10,0,1,2,3,4,5,6
8,0,1,2,3,4,5,6,7,8
6,0,1,2,3,4,5,6
4,0,1,2,3,4
2,0,1,2
81,0,1
79,0,1,2
77,0,1,2
75,0,1,2
73,0,1,2
71,0,1,2
69,0,1,2
67,0,1,2
65,0,1,2
63,0,1,2
61,0,1,2
60,0,1,2
58,0,1,2
57,0,1,2
55,0,1,2
54,0,1,2
54,0,1,2
53,0,1,2
52,0,1,2
51,0,1,2
50,0,1,2
48,0,1,2
46,0,1,2
45,0,1,2
45,0,1,2
43,0,1,2
41,0,1,2
39,0,1,2
38,0,1,2
36,0,1,2
36,0,1,2
35,0,1,2
34,0,1,2
32,0,1,2
31,0,1,2
29,0,1,2
28,0,1,2
27,0,1,2,3
25,0,1,2,3
23,0,1,2,3
22,0,1,2,3
21,0,1,2,3
19,0,1,2,3
17,0,1,2,3
15,0,1,2,3,4
13,0,1,2,3,4
12,0,1,2,3,4,5
10,0,1,2,3,4,5,6
8,0,1,2,3,4,5,6,7,8
6,0,1,2,3,4,5,6
4,0,1,2,3,4
2,0,1,2
80,0,1
78,0,1,2
76,0,1,2
74,0,1,2
72,0,1,2
70,0,1,2
68,0,1,2
66,0,1,2
64,0,1,2
62,0,1,2
61,0,1,2
60,0,1,2
58,0,1,2
57,0,1,2
55,0,1,2
54,0,1,2
53,0,1,2
52,0,1,2
51,0,1,2
49,0,1,2
47,0,1,2
45,0,1,2
45,0,1,2
44,0,1,2
42,0,1,2
40,0,1,2
39,0,1,2
37,0,1,2
36,0,1,2
35,0,1,2
34,0,1,2
33,0,1,2
32,0,1,2
30,0,1,2
29,0,1,2
28,0,1,2
27,0,1,2,3
25,0,1,2,3
23,0,1,2,3
21,0,1,2,3
20,0,1,2,3
18,0,1,2,3
16,0,1,2,3,4
14,0,1,2,3,4
12,0,1,2,3,4,5
10,0,1,2,3,4,5,6
8,0,1,2,3,4,5,6,7,8
6,0,1,2,3,4,5,6
4,0,1,2,3,4
2,0,1,2
81,0,1
79,0,1,2
77,0,1,2
75,0,1,2
73,0,1,2
71,0,1,2
69,0,1,2
67,0,1,2
65,0,1,2
63,0,1,2
61,0,1,2
60,0,1,2
58,0,1,2
57,0,1,2
55,0,1,2
54,0,1,2
54,0,1,2
53,0,1,2
52,0,1,2
51,0,1,2
50,0,1,2
48,0,1,2
46,0,1,2
45,0,1,2
45,0,1,2
43,0,1,2
41,0,1,2
39,0,1,2
38,0,1,2
36,0,1,2
36,0,1,2
35,0,1,2
34,0,1,2
32,0,1,2
31,0,1,2
29,0,1,2
28,0,1,2
27,0,1,2
26,0,1,2,3
24,0,1,2,3
22,0,1,2,3
21,0,1,2,3
19,0,1,2,3
17,0,1,2,3
15,0,1,2,3,4
13,0,1,2,3,4
12,0,1,2,3,4
11,0,1,2,3,4,5
9,0,1,2,3,4,5,6,7,8,9
7,0,1,2,3,4,5,6,7
5,0,1,2,3,4,5
3,0,1,2,3
1,0,1
80,0,1,2
78,0,1,2
76,0,1,2
74,0,1,2
72,0,1,2
70,0,1,2
68,0,1,2
66,0,1,2
64,0,1,2
62,0,1,2
61,0,1,2
60,0,1,2
58,0,1,2
57,0,1,2
55,0,1,2
54,0,1,2
53,0,1,2
52,0,1,2
51,0,1,2
49,0,1,2
47,0,1,2
45,0,1,2
45,0,1,2
44,0,1,2
42,0,1,2
40,0,1,2
39,0,1,2
37,0,1,2
36,0,1,2
35,0,1,2
34,0,1,2
33,0,1,2
32,0,1,2
30,0,1,2
29,0,1,2
28,0,1,2
27,0,1,2,3
25,0,1,2,3
23,0,1,2,3
21,0,1,2,3
20,0,1,2,3
18,0,1,2,3
16,0,1,2,3,4
14,0,1,2,3,4
12,0,1,2,3,4,5
10,0,1,2,3,4,5,6
8,0,1,2,3,4,5,6,7,8
6,0,1,2,3,4,5,6
4,0,1,2,3,4
2,0,1,2
81,0,1
79,0,1,2
77,0,1,2
75,0,1,2
73,0,1,2
71,0,1,2
69,0,1,2
67,0,1,2
65,0,1,2
63,0,1,2
61,0,1,2
60,0,1,2
58,0,1,2
57,0,1,2
55,0,1,2
54,0,1,2
54,0,1,2
53,0,1,2
52,0,1,2
51,0,1,2
50,0,1,2
48,0,1,2
46,0,1,2
45,0,1,2
45,0,1,2
43,0,1,2
41,0,1,2
39,0,1,2
38,0,1,2
36,0,1,2
36,0,1,2
35,0,1,2
34,0,1,2
32,0,1,2
31,0,1,2
29,0,1,2
28,0,1,2
27,0,1,2,3
25,0,1,2,3
23,0,1,2,3
22,0,1,2,3
21,0,1,2,3
19,0,1,2,3
17,0,1,2,3
15,0,1,2,3,4
13,0,1,2,3,4
12,0,1,2,3,4
11,0,1,2,3,4,5
9,0,1,2,3,4,5,6,7,8,9
7,0,1,2,3,4,5,6,7
5,0,1,2,3,4,5
3,0,1,2,3
1,0,1
80,0,1,2
78,0,1,2
76,0,1,2
74,0,1,2
72,0,1,2
70,0,1,2
68,0,1,2
66,0,1,2
64,0,1,2
62,0,1,2
61,0,1,2
60,0,1,2
58,0,1,2
57,0,1,2
55,0,1,2
54,0,1,2
53,0,1,2
52,0,1,2
51,0,1,2
49,0,1,2
47,0,1,2
45,0,1,2
45,0,1,2
44,0,1,2
42,0,1,2
40,0,1,2
39,0,1,2
37,0,1,2
36,0,1,2
35,0,1,2
34,0,1,2
33,0,1,2
32,0,1,2
30,0,1,2
29,0,1,2
28,0,1,2
27,0,1,2,3
25,0,1,2,3
23,0,1,2,3
21,0,1,2,3
20,0,1,2,3
18,0,1,2,3
16,0,1,2,3,4
14,0,1,2,3,4
12,0,1,2,3,4,5
10,0,1,2,3,4,5,6
8,0,1,2,3,4,5,6,7,8
6,0,1,2,3,4,5,6
4,0,1,2,3,4
2,0,1,2
81,0,1
79,0,1,2
77,0,1,2
75,0,1,2
73,0,1,2
71,0,1,2
69,0,1,2
67,0,1,2
65,0,1,2
63,0,1,2
61,0,1,2
60,0,1,2
58,0,1,2
57,0,1,2
55,0,1,2
54,0,1,2
54,0,1,2
53,0,1,2
52,0,1,2
51,0,1,2
50,0,1,2
48,0,1,2
46,0,1,2
45,0,1,2
45,0,1,2
43,0,1,2
41,0,1,2
39,0,1,2
38,0,1,2
36,0,1,2
36,0,1,2
35,0,1,2
34,0,1,2
32,0,1,2
31,0,1,2
29,0,1,2
28,0,1,2
27,0,1,2,3
25,0,1,2,3
23,0,1,2,3
22,0,1,2,3
21,0,1,2,3
19,0,1,2,3
17,0,1,2,3
15,0,1,2,3,4
13,0,1,2,3,4
12,0,1,2,3,4
11,0,1,2,3,4,5
9,0,1,2,3,4,5,6,7,8,9
7,0,1,2,3,4,5,6,7
5,0,1,2,3,4,5
3,0,1,2,3
1,0,1
80,0,1,2
78,0,1,2
76,0,1,2
74,0,1,2
72,0,1,2
70,0,1,2
68,0,1,2
66,0,1,2
64,0,1,2
62,0,1,2
61,0,1,2
60,0,1,2
58,0,1,2
57,0,1,2
55,0,1,2
54,0,1,2
53,0,1,2
52,0,1,2
51,0,1,2
49,0,1,2
47,0,1,2
45,0,1,2
45,0,1,2
44,0,1,2
42,0,1,2
40,0,1,2
39,0,1,2
37,0,1,2
36,0,1,2
35,0,1,2
34,0,1,2
33,0,1,2
32,0,1,2
30,0,1,2
29,0,1,2
28,0,1,2
27,0,1,2,3
25,0,1,2,3
23,0,1,2,3
21,0,1,2,3
20,0,1,2,3
18,0,1,2,3
16,0,1,2,3,4
14,0,1,2,3,4
12,0,1,2,3,4,5
10,0,1,2,3,4,5,6
8,0,1,2,3,4,5,6,7,8
6,0,1,2,3,4,5,6
4,0,1,2,3,4
2,0,1,2
64,0,1
63,0
63,0
63,0
61,0
60,0
59,0
58,0
57,0
55,0,1
54,0,1
54,0,1
53,0,1
52,0,1
51,0,1
50,0,1
49,0,1
47,0,1
45,0,1
44,0,1
43,0,1
42,0,1
40,0,1
39,0,1
37,0,1,2
35,0,1
33,0,1,2
31,0,1
29,0,1,2
28,0,1,2
26,0,1,2
25,0,1,2
24,0,1,2
22,0,1,2
20,0,1,2
18,0,1,2
16,0,1,2
14,0,1,2
12,0,1,2,3
10,0,1,2,3,4
8,0,1,2,3,4
7,0,1,2,3,4,5,6
5,0,1,2,3,4,5
3,0,1,2,3
1,0,1
63,0
63,0
63,0
62,0
62,0
64,0
63,0
63,0
63,0
63,0
63,0
62,0
61,0
61,0
60,0
59,0,1
58,0,1
57,0
56,0,1
56,0
54,0,1
54,0,1
54,0,1
52,0,1
52,0,1
51,0,1
50,0,1
49,0,1
48,0,1
47,0,1
45,0,1
44,0,1
42,0,1
41,0,1
40,0,1
38,0,1
36,0,1
34,0,1
32,0,1,2
32,0,1,2
30,0,1,2
28,0,1,2
27,0,1,2
26,0,1,2
24,0,1,2
24,0,1,2
22,0,1,2
20,0,1,2
18,0,1,2
16,0,1,2
14,0,1,2
12,0,1,2,3
10,0,1,2,3
10,0,1,2,3
8,0,1,2,3,4
6,0,1,2,3,4,5,6
4,0,1,2,3,4
2,0,1,2
64,0
62,0,1
62,0,1
62,0
60,0
60,0
59,0
58,0
57,0
55,0
54,0
53,0
51,0,1
50,0,1
49,0,1
48,0,1
47,0,1
45,0,1
45,0,1
43,0,1
42,0,1
41,0,1
40,0,1
38,0,1
36,0,1,2
34,0,1,2
32,0,1,2
31,0,1,2
29,0,1,2
28,0,1,2
26,0,1,2
24,0,1,2
23,0,1,2
22,0,1,2
20,0,1,2
18,0,1,2
16,0,1,2
14,0,1,2
12,0,1,2,3
10,0,1,2,3
8,0,1,2,3,4
6,0,1,2,3,4,5,6
4,0,1,2,3,4
2,0,1,2
63,0
63,0
62,0
61,0,1
61,0
60,0,1
59,0
58,0
57,0,1
56,0,1
55,0
53,0,1
53,0,1
53,0,1
51,0,1
50,0,1
50,0,1
49,0,1
47,0,1
46,0,1
64,0
63,0
63,0
62,0
61,0
60,0
59,0
58,0
57,0
56,0
56,0
55,0
54,0,1
54,0,1
54,0,1
53,0
53,0
53,0
52,0
50,0,1
49,0,1
48,0,1
46,0,1
46,0,1
44,0,1
43,0,1
42,0,1
40,0,1
38,0,1
36,0,1,2
35,0,1,2
33,0,1
31,0,1,2
29,0,1
28,0,1,2
26,0,1,2
25,0,1,2
25,0,1,2
23,0,1,2
22,0,1,2
21,0,1,2
20,0,1,2
18,0,1,2
16,0,1,2
14,0,1,2
12,0,1,2
10,0,1,2,3
8,0,1,2,3,4,5
6,0,1,2,3,4,5,6
4,0,1,2,3,4
2,0,1,2
63,0
62,0
62,0
60,0,1
60,0
58,0,1
57,0,1
56,0,1
54,0
53,0,1
53,0,1
51,0,1
51,0,1
50,0,1
49,0,1
48,0,1
47,0,1
46,0,1
44,0,1
43,0,1
41,0,1
40,0,1
38,0,1
36,0,1
34,0,1
33,0,1
31,0,1,2
30,0,1,2
29,0,1,2
28,0,1,2
27,0,1,2
26,0,1,2
25,0,1,2
24,0,1,2
22,0,1,2
21,0,1,2
20,0,1,2
20,0,1,2
18,0,1,2
17,0,1,2
15,0,1,2,3
13,0,1,2,3
11,0,1,2,3
9,0,1,2,3,4
7,0,1,2,3,4,5,6
5,0,1,2,3,4,5
3,0,1,2,3
1,0,1
64,0
63,0
62,0
62,0
61,0
61,0
60,0
59,0
57,0,1
56,0
55,0,1
55,0
54,0,1
54,0
53,0
52,0,1
52,0,1
52,0,1
50,0
49,0,1
48,0,1
46,0,1
45,0,1
44,0,1
43,0,1
41,0,1
40,0,1
38,0,1
37,0,1
35,0,1
33,0,1,2
31,0,1,2
29,0,1,2
28,0,1,2
26,0,1,2
25,0,1,2
25,0,1,2
23,0,1,2
21,0,1,2
20,0,1,2
20,0,1,2
18,0,1,2
16,0,1,2
14,0,1,2,3
12,0,1,2,3
10,0,1,2,3
8,0,1,2,3,4
6,0,1,2,3,4,5,6
4,0,1,2,3,4
2,0,1,2
63,0
63,0
63,0
62,0
62,0
61,0
59,0
58,0
57,0
56,0
55,0
54,0,1
54,0,1
53,0
52,0,1
51,0,1
50,0,1
50,0,1
48,0,1
47,0,1
45,0,1
44,0,1
43,0,1
41,0,1
39,0,1
38,0,1
36,0,1
36,0,1,2
34,0,1
32,0,1,2
30,0,1
28,0,1,2
26,0,1,2
26,0,1,2
26,0,1,2
24,0,1,2
23,0,1,2
21,0,1,2
20,0,1,2
18,0,1,2
16,0,1,2
14,0,1,2
12,0,1,2,3
10,0,1,2,3
9,0,1,2,3,4
7,0,1,2,3,4,5,6,7
5,0,1,2,3,4,5
3,0,1,2,3
1,0,1
64,0,1
63,0
63,0
62,0
60,0
60,0
59,0
58,0
57,0,1
56,0,1
55,0,1
55,0,1
53,0,1
52,0,1
51,0,1
50,0,1
49,0,1
48,0,1
46,0,1
45,0,1
45,0,1
43,0,1
42,0,1
41,0,1
39,0,1
37,0,1
35,0,1
34,0,1
32,0,1,2
32,0,1,2
30,0,1,2
29,0,1,2
27,0,1,2
26,0,1,2
25,0,1,2
24,0,1,2
23,0,1,2
21,0,1,2
20,0,1,2
18,0,1,2
16,0,1,2
14,0,1,2,3
12,0,1,2,3
10,0,1,2,3
8,0,1,2,3,4
6,0,1,2,3,4,5,6
4,0,1,2,3,4
2,0,1,2
63,0
63,0
63,0
62,0
62,0
64,0
63,0
63,0
63,0
62,0
60,0
59,0
58,0
57,0
57,0
56,0,1
56,0
55,0,1
54,0,1
53,0,1
53,0,1
51,0,1
51,0,1
50,0,1
49,0,1
47,0,1
45,0,1
44,0,1
42,0,1
41,0,1
40,0,1
38,0,1
36,0,1
34,0,1,2
34,0,1
32,0,1,2
30,0,1,2
28,0,1,2
27,0,1,2
26,0,1,2
25,0,1,2
24,0,1,2
23,0,1,2
21,0,1,2
20,0,1,2
18,0,1,2
16,0,1,2
14,0,1,2
12,0,1,2,3
10,0,1,2,3
8,0,1,2,3,4
6,0,1,2,3,4,5,6
4,0,1,2,3,4
2,0,1,2
63,0,1
63,0,1
63,0,1
62,0,1
62,0,1
60,0,1
59,0,1
58,0,1
57,0,1
55,0,1
55,0,1
53,0,1
53,0,1
52,0,1
51,0,1
49,0,1
48,0,1,2
47,0,1,2
46,0,1,2
46,0,1,2
44,0,1,2
43,0,1,2
42,0,1,2
40,0,1,2
40,0,1,2
38,0,1,2
38,0,1,2
36,0,1,2
35,0,1,2
34,0,1,2
32,0,1,2
31,0,1,2
30,0,1,2
29,0,1,2
28,0,1,2
27,0,1,2
25,0,1,2
24,0,1,2
22,0,1,2
20,0,1,2
18,0,1,2,3
16,0,1,2,3
14,0,1,2,3
12,0,1,2,3
10,0,1,2,3,4
8,0,1,2,3,4,5
6,0,1,2,3,4,5,6
4,0,1,2,3,4
2,0,1,2
64,0,1
63,0,1
63,0,1
63,0,1
62,0,1
62,0,1
60,0,1
59,0,1
58,0,1
57,0,1
55,0,1
55,0,1
53,0,1
53,0,1
52,0,1
51,0,1
49,0,1,2
48,0,1,2
47,0,1,2
46,0,1,2
46,0,1,2
44,0,1,2
43,0,1,2
42,0,1,2
40,0,1,2
40,0,1,2
38,0,1,2
38,0,1,2
36,0,1,2
35,0,1,2
34,0,1,2
32,0,1,2
31,0,1,2
30,0,1,2
29,0,1,2
28,0,1,2
27,0,1,2
25,0,1,2
24,0,1,2
22,0,1,2
20,0,1,2
18,0,1,2,3
16,0,1,2,3
14,0,1,2,3
12,0,1,2,3
10,0,1,2,3,4
8,0,1,2,3,4,5
6,0,1,2,3,4,5,6
4,0,1,2,3,4
2,0,1,2
63,0,1
63,0,1
63,0,1
62,0,1
62,0,1
60,0,1
59,0,1
58,0,1
57,0,1
55,0,1
55,0,1
53,0,1
53,0,1
52,0,1
51,0,1
49,0,1,2
48,0,1,2
47,0,1,2
46,0,1,2
46,0,1,2
44,0,1,2
43,0,1,2
42,0,1,2
40,0,1,2
40,0,1,2
38,0,1,2
38,0,1,2
36,0,1,2
35,0,1,2
34,0,1,2
32,0,1,2
31,0,1,2
30,0,1,2
29,0,1,2
28,0,1,2
27,0,1,2
25,0,1,2
24,0,1,2
22,0,1,2
20,0,1,2
18,0,1,2,3
16,0,1,2,3
14,0,1,2,3
12,0,1,2,3
10,0,1,2,3,4
8,0,1,2,3,4,5
6,0,1,2,3,4,5,6
4,0,1,2,3,4
2,0,1,2
64,0,1
63,0,1
63,0,1
63,0,1
62,0,1
62,0,1
60,0,1
59,0,1
58,0,1
57,0,1
55,0,1
55,0,1
53,0,1
53,0,1
52,0,1
51,0,1
49,0,1,2
48,0,1,2
47,0,1,2
46,0,1,2
46,0,1,2
44,0,1,2
43,0,1,2
42,0,1,2
40,0,1,2
40,0,1,2
38,0,1,2
38,0,1,2
36,0,1,2
35,0,1,2
34,0,1,2
32,0,1,2
31,0,1,2
30,0,1,2
29,0,1,2
28,0,1,2
27,0,1,2
25,0,1,2
24,0,1,2
22,0,1,2
20,0,1,2
18,0,1,2,3
16,0,1,2,3
14,0,1,2,3
12,0,1,2,3
10,0,1,2,3,4
8,0,1,2,3,4,5
6,0,1,2,3,4,5,6
4,0,1,2,3,4
2,0,1,2
63,0,1
63,0,1
63,0,1
62,0,1
62,0,1
60,0,1
59,0,1
58,0,1
57,0,1
55,0,1
55,0,1
53,0,1
53,0,1
52,0,1
51,0,1
49,0,1,2
48,0,1,2
47,0,1,2
46,0,1,2
46,0,1,2
44,0,1,2
43,0,1,2
42,0,1,2
40,0,1,2
40,0,1,2
38,0,1,2
38,0,1,2
36,0,1,2
35,0,1,2
34,0,1,2
32,0,1,2
31,0,1,2
30,0,1,2
29,0,1,2
28,0,1,2
27,0,1,2
25,0,1,2
24,0,1,2
22,0,1,2
20,0,1,2
18,0,1,2,3
16,0,1,2,3
14,0,1,2,3
12,0,1,2,3
10,0,1,2,3,4,5
8,0,1,2,3,4,5,6
6,0,1,2,3,4,5,6
4,0,1,2,3,4
2,0,1,2
64,0,1
63,0,1
63,0,1
63,0,1
62,0,1
62,0,1
60,0,1
59,0,1
58,0,1
57,0,1
55,0,1
55,0,1
53,0,1
53,0,1
52,0,1
51,0,1
49,0,1
48,0,1,2
47,0,1,2
46,0,1,2
46,0,1,2
44,0,1,2
43,0,1,2
42,0,1,2
40,0,1,2
40,0,1,2
38,0,1,2
38,0,1,2
36,0,1,2
35,0,1,2
34,0,1,2
32,0,1,2
31,0,1,2
30,0,1,2
63,0,1
63,0,1
63,0,1
62,0,1
62,0,1
60,0,1
59,0,1
58,0,1
57,0,1
64,0,1
63,0,1
63,0,1
63,0,1
62,0,1
62,0,1
60,0,1
59,0,1
58,0,1
57,0,1
55,0,1
55,0,1
53,0,1
53,0,1
52,0,1
51,0,1
49,0,1,2
48,0,1,2
47,0,1,2
46,0,1,2
46,0,1,2
44,0,1,2
43,0,1,2
42,0,1,2
40,0,1,2
40,0,1,2
38,0,1,2
38,0,1,2
36,0,1,2
35,0,1,2
34,0,1,2
32,0,1,2
31,0,1,2
30,0,1,2
29,0,1,2
28,0,1,2
27,0,1,2
25,0,1,2
24,0,1,2
22,0,1,2
20,0,1,2
18,0,1,2,3
16,0,1,2,3
14,0,1,2,3
12,0,1,2,3
10,0,1,2,3,4
8,0,1,2,3,4,5
6,0,1,2,3,4,5,6
4,0,1,2,3,4
2,0,1,2
63,0,1
63,0,1
63,0,1
62,0,1
62,0,1
60,0,1
59,0,1
58,0,1
57,0,1
55,0,1
55,0,1
53,0,1
53,0,1
52,0,1
51,0,1
49,0,1,2
48,0,1,2
47,0,1,2
46,0,1,2
46,0,1,2
44,0,1,2
43,0,1,2
42,0,1,2
40,0,1,2
40,0,1,2
38,0,1,2
38,0,1,2
36,0,1,2
35,0,1,2
34,0,1,2
32,0,1,2
31,0,1,2
30,0,1,2
29,0,1,2
28,0,1,2
27,0,1,2
25,0,1,2
24,0,1,2
22,0,1,2
20,0,1,2
18,0,1,2,3
16,0,1,2,3
14,0,1,2,3
12,0,1,2,3
10,0,1,2,3,4
8,0,1,2,3,4,5
6,0,1,2,3,4,5,6
4,0,1,2,3,4
2,0,1,2
64,0,1
63,0,1
63,0,1
63,0,1
62,0,1
62,0,1
60,0,1
59,0,1
58,0,1
57,0,1
55,0,1
55,0,1
53,0,1
53,0,1
52,0,1
51,0,1
49,0,1
48,0,1,2
47,0,1,2
46,0,1,2
80,0
78,0
76,0
74,0,1
72,0,1
70,0,1
68,0,1
66,0,1
64,0,1
63,0,1
62,0,1
81,0
79,0
77,0
75,0
73,0,1
71,0,1
69,0,1
67,0,1
65,0,1
63,0,1
62,0,1
60,0,1
58,0,1
57,0,1
55,0,1
53,0,1
52,0,1
50,0,1
48,0,1
46,0,1,2
44,0,1,2
42,0,1,2
41,0,1,2
40,0,1,2
39,0,1,2
37,0,1,2
35,0,1,2
34,0,1,2
33,0,1,2
32,0,1,2
30,0,1,2
28,0,1,2
28,0,1,2
27,0,1,2
26,0,1,2
26,0,1,2
24,0,1,2
23,0,1,2
21,0,1,2
20,0,1,2,3
18,0,1,2,3
16,0,1,2,3
14,0,1,2,3,4
12,0,1,2,3,4
10,0,1,2,3,4
8,0,1,2,3,4,5,6
6,0,1,2,3,4,5,6
4,0,1,2,3,4
2,0,1,2
80,0
78,0
76,0
74,0
72,0,1
70,0,1
68,0,1
67,0,1
65,0,1
63,0,1
81,0
79,0
77,0
75,0
73,0,1
71,0,1
69,0,1
67,0,1
65,0,1
63,0,1
61,0,1
60,0,1
59,0,1
57,0,1
56,0,1
55,0,1
54,0,1
53,0,1
52,0,1
50,0,1
50,0,1
48,0,1,2
48,0,1,2
47,0,1,2
46,0,1,2
46,0,1,2
45,0,1,2
43,0,1,2
42,0,1,2
40,0,1,2
39,0,1,2
37,0,1,2
36,0,1,2
35,0,1,2
34,0,1,2
32,0,1,2
31,0,1,2
30,0,1,2
29,0,1,2
27,0,1,2
26,0,1,2
24,0,1,2
22,0,1,2
20,0,1,2
19,0,1,2
17,0,1,2,3
15,0,1,2,3
13,0,1,2,3,4
11,0,1,2,3,4,5
9,0,1,2,3,4,5
7,0,1,2,3,4,5,6,7
5,0,1,2,3,4,5
3,0,1,2,3
1,0,1
80,0
78,0
76,0
74,0
72,0,1
70,0,1
68,0,1
66,0,1
64,0,1
62,0,1
61,0,1
60,0,1
58,0,1
57,0,1
55,0,1
54,0,1
53,0,1
51,0,1
50,0,1
49,0,1
49,0,1
48,0,1
47,0,1
46,0,1
44,0,1,2
43,0,1,2
42,0,1,2
40,0,1,2
38,0,1,2
36,0,1,2
35,0,1,2
33,0,1,2
33,0,1,2
32,0,1,2
31,0,1,2
30,0,1,2
29,0,1,2
27,0,1,2
26,0,1,2
25,0,1,2
25,0,1,2
23,0,1,2
22,0,1,2
20,0,1,2,3
18,0,1,2,3
16,0,1,2,3
14,0,1,2,3
12,0,1,2,3
10,0,1,2,3,4
8,0,1,2,3,4,5
6,0,1,2,3,4,5,6
4,0,1,2,3,4
2,0,1,2
81,0
79,0
77,0
75,0
73,0,1
71,0,1
69,0,1
67,0,1
65,0,1
63,0,1
61,0,1
60,0,1
58,0,1
57,0,1
55,0,1
54,0,1
52,0,1
51,0,1
49,0,1
47,0,1
45,0,1,2
44,0,1,2
42,0,1,2
40,0,1,2
39,0,1,2
38,0,1,2
37,0,1,2
35,0,1,2
33,0,1,2
32,0,1,2
31,0,1,2
30,0,1,2
29,0,1,2
28,0,1,2
27,0,1,2
25,0,1,2
24,0,1,2
23,0,1,2
22,0,1,2
22,0,1,2
20,0,1,2,3
18,0,1,2,3
16,0,1,2,3
14,0,1,2,3,4
12,0,1,2,3,4
10,0,1,2,3,4,5
8,0,1,2,3,4,5
6,0,1,2,3,4,5,6
4,0,1,2,3,4
2,0,1,2
80,0
78,0
76,0
74,0
72,0,1
70,0,1
68,0,1
66,0,1
64,0,1
63,0,1
61,0,1
59,0,1
58,0,1
57,0,1
55,0,1
54,0,1
52,0,1
50,0,1
48,0,1,2
47,0,1,2
45,0,1,2
43,0,1,2
41,0,1,2
39,0,1,2
38,0,1,2
36,0,1,2
35,0,1,2
34,0,1,2
33,0,1,2
33,0,1,2
32,0,1,2
30,0,1,2
29,0,1,2
28,0,1,2
27,0,1,2
25,0,1,2
23,0,1,2
21,0,1,2
20,0,1,2
18,0,1,2,3
16,0,1,2,3
15,0,1,2,3
13,0,1,2,3,4
11,0,1,2,3,4
9,0,1,2,3,4,5
7,0,1,2,3,4,5,6,7
5,0,1,2,3,4,5
3,0,1,2,3
1,0,1
81,0
79,0
77,0
75,0
73,0,1
71,0,1
69,0,1
67,0,1
65,0,1
63,0,1
62,0,1
61,0,1
60,0,1
59,0,1
57,0,1
56,0,1
55,0,1
53,0,1
52,0,1
50,0,1
48,0,1
46,0,1
44,0,1
44,0,1
42,0,1,2
41,0,1,2
39,0,1,2
39,0,1,2
38,0,1,2
37,0,1,2
36,0,1,2
36,0,1,2
34,0,1,2
33,0,1,2
31,0,1,2
30,0,1,2
29,0,1,2
80,0
78,0
76,0
74,0
72,0,1
70,0,1
68,0,1
67,0,1
65,0,1
63,0,1
62,0,1
60,0,1
59,0,1
57,0,1
57,0,1
56,0,1
54,0,1
52,0,1
50,0,1
48,0,1,2
47,0,1,2
45,0,1,2
43,0,1,2
42,0,1,2
41,0,1,2
39,0,1,2
38,0,1,2
37,0,1,2
35,0,1,2
34,0,1,2
34,0,1,2
32,0,1,2
32,0,1,2
31,0,1,2
31,0,1,2
30,0,1,2
28,0,1,2
27,0,1,2
25,0,1,2
25,0,1,2
24,0,1,2
23,0,1,2
22,0,1,2
20,0,1,2
18,0,1,2,3
16,0,1,2,3
14,0,1,2,3
12,0,1,2,3
10,0,1,2,3,4
8,0,1,2,3,4,5,6
81,0
79,0
77,0
75,0
73,0,1
71,0,1
69,0,1
67,0,1
65,0,1
63,0,1
62,0,1
60,0,1
59,0,1
57,0,1
56,0,1
55,0,1
53,0,1
51,0,1
49,0,1,2
48,0,1,2
48,0,1
46,0,1,2
44,0,1,2
43,0,1,2
41,0,1,2
41,0,1,2
39,0,1,2
37,0,1,2
37,0,1,2
36,0,1,2
35,0,1,2
34,0,1,2
33,0,1,2
32,0,1,2
31,0,1,2
31,0,1,2
30,0,1,2
29,0,1,2
28,0,1,2
27,0,1,2
26,0,1,2
24,0,1,2
23,0,1,2
21,0,1,2
20,0,1,2,3
18,0,1,2,3
16,0,1,2,3
14,0,1,2,3
12,0,1,2,3
10,0,1,2,3,4
8,0,1,2,3,4,5,6
6,0,1,2,3,4,5,6
4,0,1,2,3,4
2,0,1,2
80,0
78,0
76,0
74,0
72,0,1
70,0,1
68,0,1
66,0,1
64,0,1
62,0,1
60,0,1
59,0,1
57,0,1
56,0,1
54,0,1
52,0,1
51,0,1
49,0,1
47,0,1
45,0,1
43,0,1,2
41,0,1,2
39,0,1,2
37,0,1,2
36,0,1,2
34,0,1,2
34,0,1,2
33,0,1,2
33,0,1,2
31,0,1,2
29,0,1,2
29,0,1,2
27,0,1,2
26,0,1,2
25,0,1,2
24,0,1,2
24,0,1,2
23,0,1,2
22,0,1,2
21,0,1,2
20,0,1,2
18,0,1,2,3
16,0,1,2,3
14,0,1,2,3,4
12,0,1,2,3,4
10,0,1,2,3,4
8,0,1,2,3,4,5,6
6,0,1,2,3,4,5,6
4,0,1,2,3,4
2,0,1,2
81,0
79,0
77,0
75,0
73,0
71,0,1
80,0
78,0
76,0
74,0
72,0,1
70,0,1
68,0,1
66,0,1
64,0,1
62,0,1
61,0,1
60,0,1
58,0,1
56,0,1
54,0,1
52,0,1
50,0,1
50,0,1
48,0,1
46,0,1,2
44,0,1,2
44,0,1,2
42,0,1,2
41,0,1,2
40,0,1,2
39,0,1,2
37,0,1,2
35,0,1,2
34,0,1,2
34,0,1,2
33,0,1,2
32,0,1,2
30,0,1,2
29,0,1,2
28,0,1,2
27,0,1,2
27,0,1,2
26,0,1,2
25,0,1,2
25,0,1,2
24,0,1,2
24,0,1,2
22,0,1,2
20,0,1,2,3
18,0,1,2,3
17,0,1,2,3
15,0,1,2,3,4
13,0,1,2,3
11,0,1,2,3,4
9,0,1,2,3,4,5
7,0,1,2,3,4,5,6,7
5,0,1,2,3,4,5
3,0,1,2,3
1,0,1
81,0
79,0
77,0
75,0
73,0
71,0,1
69,0,1
67,0,1
65,0,1
63,0,1
61,0,1
60,0,1
58,0,1
57,0,1
55,0,1
53,0,1
52,0,1
52,0,1
50,0,1
49,0,1
47,0,1
45,0,1
45,0,1
43,0,1
41,0,1,2
39,0,1,2
37,0,1,2
36,0,1,2
80,0
78,0
76,0
74,0
72,0,1
70,0,1
68,0,1
66,0,1
64,0,1
62,0,1
61,0,1
59,0,1
58,0,1
57,0,1
56,0,1
54,0,1
52,0,1
50,0,1
49,0,1
48,0,1
46,0,1,2
45,0,1,2
43,0,1,2
42,0,1,2
40,0,1,2
39,0,1,2
39,0,1,2
37,0,1,2
36,0,1,2
35,0,1,2
34,0,1,2
81,0
79,0
77,0
75,0
73,0,1
71,0,1
69,0,1
67,0,1
65,0,1
63,0,1
61,0,1
60,0,1
59,0,1
57,0,1
56,0,1
54,0,1
54,0,1
53,0,1
52,0,1
50,0,1
48,0,1,2
47,0,1,2
45,0,1,2
45,0,1,2
44,0,1,2
43,0,1,2
42,0,1,2
41,0,1,2
40,0,1,2
39,0,1,2
37,0,1,2
35,0,1,2
33,0,1,2
31,0,1,2
30,0,1,2
30,0,1,2
29,0,1,2
28,0,1,2
26,0,1,2
25,0,1,2
25,0,1,2
24,0,1,2
22,0,1,2
21,0,1,2
19,0,1,2,3
17,0,1,2,3
15,0,1,2,3
13,0,1,2,3
11,0,1,2,3,4
9,0,1,2,3,4,5
7,0,1,2,3,4,5,6,7
5,0,1,2,3,4,5
3,0,1,2,3
1,0,1
80,0
78,0
76,0
74,0
72,0,1
70,0,1
69,0,1
67,0,1
65,0,1
63,0,1
61,0,1
60,0,1
58,0,1
57,0,1
56,0,1
54,0,1
52,0,1
50,0,1
49,0,1
47,0,1,2
46,0,1,2
44,0,1,2
42,0,1,2
41,0,1,2
39,0,1,2
37,0,1,2
36,0,1,2
34,0,1,2
32,0,1,2
31,0,1,2
30,0,1,2
29,0,1,2
28,0,1,2
26,0,1,2
24,0,1,2
23,0,1,2
22,0,1,2
21,0,1,2
20,0,1,2
20,0,1,2
18,0,1,2,3
16,0,1,2,3
14,0,1,2,3
12,0,1,2,3,4
10,0,1,2,3,4
8,0,1,2,3,4,5,6
6,0,1,2,3,4,5,6
4,0,1,2,3,4
2,0,1,2
81,0
79,0
77,0
75,0
73,0,1
71,0,1
69,0,1
67,0,1
65,0,1
63,0,1
62,0,1
61,0,1
59,0,1
57,0,1
56,0,1
55,0,1
54,0,1
52,0,1
50,0,1
49,0,1
47,0,1,2
45,0,1,2
43,0,1,2
42,0,1,2
41,0,1,2
40,0,1,2
38,0,1,2
37,0,1,2
36,0,1,2
34,0,1,2
32,0,1,2
32,0,1,2
30,0,1,2
29,0,1,2
29,0,1,2
27,0,1,2
27,0,1,2
26,0,1,2
24,0,1,2
22,0,1,2
20,0,1,2
18,0,1,2,3
16,0,1,2,3
14,0,1,2,3
12,0,1,2,3
10,0,1,2,3,4
8,0,1,2,3,4,5
6,0,1,2,3,4,5,6
4,0,1,2,3,4
2,0,1,2
80,0
78,0
76,0
74,0
72,0,1
71,0,1
70,0,1
69,0,1
67,0,1
65,0,1
63,0,1
61,0,1
59,0,1
57,0,1
56,0,1
54,0,1
53,0,1
51,0,1
49,0,1
48,0,1
46,0,1,2
45,0,1,2
43,0,1,2
43,0,1,2
41,0,1,2
40,0,1,2
38,0,1,2
37,0,1,2
36,0,1,2
34,0,1,2
33,0,1,2
33,0,1,2
31,0,1,2
30,0,1,2
29,0,1,2
29,0,1,2
27,0,1,2
25,0,1,2
24,0,1,2
23,0,1,2
21,0,1,2
19,0,1,2,3
17,0,1,2,3
15,0,1,2,3
13,0,1,2,3
11,0,1,2,3,4
9,0,1,2,3,4,5,6
7,0,1,2,3,4,5,6,7
5,0,1,2,3,4,5
3,0,1,2,3
1,0,1
81,0
79,0
77,0
75,0
73,0
71,0,1
69,0,1
67,0,1
65,0,1
63,0,1
61,0,1
60,0,1
58,0,1
58,0,1
56,0,1
55,0,1
54,0,1
53,0,1
52,0,1
51,0,1
49,0,1
47,0,1
45,0,1,2
44,0,1,2
42,0,1,2
40,0,1,2
39,0,1,2
37,0,1,2
35,0,1,2
34,0,1,2
33,0,1,2
32,0,1,2
31,0,1,2
30,0,1,2
28,0,1,2
26,0,1,2
25,0,1,2
24,0,1,2
23,0,1,2
22,0,1,2
21,0,1,2
19,0,1,2,3
17,0,1,2,3
15,0,1,2,3
13,0,1,2,3
11,0,1,2,3,4
9,0,1,2,3,4,5
7,0,1,2,3,4,5,6,7
5,0,1,2,3,4,5
3,0,1,2,3
1,0,1
80,0
78,0
76,0
74,0
72,0,1
70,0,1
68,0,1
67,0,1
65,0,1
63,0,1
61,0,1
60,0,1
59,0,1
57,0,1
56,0,1
55,0,1
53,0,1
52,0,1
50,0,1
49,0,1
47,0,1,2
45,0,1,2
43,0,1,2
42,0,1,2
40,0,1,2
38,0,1,2
37,0,1,2
36,0,1,2
34,0,1,2
33,0,1,2
32,0,1,2
30,0,1,2
29,0,1,2
27,0,1,2
25,0,1,2
23,0,1,2
21,0,1,2
19,0,1,2,3
17,0,1,2,3
15,0,1,2,3
13,0,1,2,3,4
11,0,1,2,3,4
9,0,1,2,3,4,5,6
7,0,1,2,3,4,5,6,7
5,0,1,2,3,4,5
3,0,1,2,3
1,0,1
81,0
79,0
77,0
75,0
73,0,1
71,0,1
69,0,1
67,0,1
65,0,1
63,0,1
61,0,1
60,0,1
59,0,1
57,0,1
57,0,1
56,0,1
54,0,1
53,0,1
52,0,1
50,0,1
48,0,1,2
47,0,1,2
46,0,1,2
44,0,1,2
43,0,1,2
41,0,1,2
41,0,1,2
39,0,1,2
38,0,1,2
38,0,1,2
36,0,1,2
34,0,1,2
34,0,1,2
33,0,1,2
31,0,1,2
29,0,1,2
27,0,1,2
26,0,1,2
25,0,1,2
23,0,1,2
22,0,1,2
20,0,1,2
18,0,1,2,3
16,0,1,2,3
14,0,1,2,3
12,0,1,2,3,4
10,0,1,2,3,4,5
8,0,1,2,3,4,5
6,0,1,2,3,4,5,6
4,0,1,2,3,4
2,0,1,2
80,0
78,0
76,0
74,0
72,0,1
70,0,1
68,0,1
67,0,1
65,0,1
63,0,1
61,0,1
59,0,1
58,0,1
57,0,1
56,0,1
55,0,1
54,0,1
53,0,1
52,0,1
51,0,1
49,0,1
47,0,1
45,0,1
43,0,1,2
42,0,1,2
40,0,1,2
38,0,1,2
37,0,1,2
36,0,1,2
35,0,1,2
35,0,1,2
33,0,1,2
32,0,1,2
30,0,1,2
29,0,1,2
27,0,1,2
26,0,1,2
25,0,1,2
25,0,1,2
24,0,1,2
23,0,1,2
22,0,1,2
21,0,1,2
20,0,1,2
18,0,1,2,3
16,0,1,2,3
14,0,1,2,3
12,0,1,2,3
10,0,1,2,3,4,5
8,0,1,2,3,4,5,6
6,0,1,2,3,4,5,6
4,0,1,2,3,4
2,0,1,2
81,0
79,0
77,0
75,0
73,0,1
71,0,1
69,0,1
67,0,1
65,0,1
63,0,1
62,0,1
60,0,1
59,0,1
57,0,1
56,0,1
55,0,1
53,0,1
52,0,1
50,0,1
49,0,1
48,0,1
47,0,1,2
46,0,1,2
46,0,1
44,0,1,2
42,0,1,2
41,0,1,2
40,0,1,2
39,0,1,2
37,0,1,2
36,0,1,2
34,0,1,2
32,0,1,2
32,0,1,2
31,0,1,2
29,0,1,2
28,0,1,2
27,0,1,2
25,0,1,2
24,0,1,2
23,0,1,2
21,0,1,2
19,0,1,2,3
17,0,1,2,3
15,0,1,2,3
13,0,1,2,3
11,0,1,2,3,4
9,0,1,2,3,4,5
7,0,1,2,3,4,5,6,7
5,0,1,2,3,4,5
3,0,1,2,3
1,0,1
80,0
78,0
76,0
74,0
72,0
70,0
68,0
66,0,1
64,0,1
62,0,1
60,0,1
58,0,1
57,0,1
55,0,1
53,0,1
52,0,1
51,0,1
50,0,1
48,0,1,2
47,0,1
45,0,1
43,0,1
41,0,1,2
40,0,1,2
39,0,1,2
37,0,1,2
36,0,1,2
36,0,1,2
34,0,1,2
33,0,1,2
32,0,1,2
31,0,1,2
29,0,1,2
29,0,1,2
29,0,1,2
27,0,1,2
26,0,1,2
25,0,1,2
25,0,1,2
23,0,1,2
23,0,1,2
23,0,1,2
22,0,1,2
20,0,1,2
20,0,1,2
19,0,1,2
18,0,1,2,3
16,0,1,2,3
14,0,1,2,3
12,0,1,2,3,4
10,0,1,2,3,4
8,0,1,2,3,4,5,6
6,0,1,2,3,4,5,6
4,0,1,2,3,4
2,0,1,2
81,0
79,0
77,0
75,0
73,0
71,0,1
80,0
78,0
76,0
74,0
72,0
70,0,1
68,0,1
66,0,1
64,0,1
63,0,1
62,0,1
60,0,1
58,0,1
57,0,1
55,0,1
54,0,1
53,0,1
51,0,1
50,0,1
48,0,1
46,0,1,2
45,0,1,2
43,0,1,2
41,0,1,2
39,0,1,2
38,0,1,2
36,0,1,2
35,0,1,2
34,0,1,2
33,0,1,2
31,0,1,2
29,0,1,2
29,0,1,2
27,0,1,2
25,0,1,2
23,0,1,2
22,0,1,2
21,0,1,2
20,0,1,2
18,0,1,2,3
16,0,1,2,3
14,0,1,2,3
12,0,1,2,3,4
10,0,1,2,3,4
8,0,1,2,3,4,5,6
6,0,1,2,3,4,5,6
4,0,1,2,3,4
2,0,1,2
81,0
79,0
77,0
75,0
73,0
71,0
69,0,1
67,0,1
65,0,1
64,0,1
63,0,1
61,0,1
59,0,1
58,0,1
58,0,1
56,0,1
56,0,1
54,0,1
52,0,1
51,0,1
50,0,1
48,0,1
46,0,1
44,0,1
42,0,1,2
41,0,1,2
40,0,1,2
39,0,1,2
37,0,1,2
35,0,1,2
33,0,1,2
32,0,1,2
32,0,1,2
31,0,1,2
30,0,1,2
30,0,1,2
28,0,1,2
27,0,1,2
26,0,1,2
24,0,1,2
24,0,1,2
24,0,1,2
22,0,1,2
20,0,1,2,3
18,0,1,2,3
16,0,1,2,3
14,0,1,2,3
12,0,1,2,3
10,0,1,2,3,4
8,0,1,2,3,4,5
6,0,1,2,3,4,5,6
4,0,1,2,3,4
2,0,1,2
80,0
78,0
76,0
74,0
72,0,1
70,0,1
68,0,1
67,0,1
65,0,1
63,0,1
62,0,1
60,0,1
59,0,1
57,0,1
56,0,1
55,0,1
55,0,1
53,0,1
51,0,1
51,0,1
49,0,1
47,0,1
45,0,1,2
43,0,1,2
41,0,1,2
39,0,1,2
37,0,1,2
35,0,1,2
34,0,1,2
33,0,1,2
31,0,1,2
31,0,1,2
31,0,1,2
29,0,1,2
27,0,1,2
26,0,1,2
25,0,1,2
24,0,1,2
23,0,1,2
21,0,1,2
20,0,1,2
18,0,1,2
16,0,1,2,3
14,0,1,2,3
13,0,1,2,3
12,0,1,2,3
11,0,1,2,3,4
9,0,1,2,3,4,5
7,0,1,2,3,4,5,6,7
5,0,1,2,3,4,5
3,0,1,2,3
1,0,1
81,0
79,0
77,0
75,0
73,0
71,0,1
69,0,1
67,0,1
65,0,1
63,0,1
61,0,1
59,0,1
58,0,1
57,0,1
55,0,1
53,0,1
52,0,1
50,0,1
48,0,1,2
47,0,1
45,0,1,2
44,0,1,2
43,0,1,2
41,0,1,2
41,0,1,2
39,0,1,2
38,0,1,2
37,0,1,2
36,0,1,2
34,0,1,2
33,0,1,2
31,0,1,2
30,0,1,2
29,0,1,2
27,0,1,2
26,0,1,2
24,0,1,2
23,0,1,2
23,0,1,2
21,0,1,2
19,0,1,2,3
17,0,1,2,3
15,0,1,2,3
13,0,1,2,3,4
11,0,1,2,3,4
9,0,1,2,3,4,5
7,0,1,2,3,4,5,6,7
5,0,1,2,3,4,5
3,0,1,2,3
1,0,1
80,0
78,0
76,0
74,0
72,0,1
70,0,1
69,0,1
67,0,1
65,0,1
63,0,1
61,0,1
60,0,1
58,0,1
57,0,1
56,0,1
54,0,1
52,0,1
50,0,1
48,0,1
46,0,1,2
45,0,1,2
43,0,1,2
41,0,1,2
40,0,1,2
39,0,1,2
39,0,1,2
37,0,1,2
35,0,1,2
34,0,1,2
34,0,1,2
32,0,1,2
31,0,1,2
30,0,1,2
30,0,1,2
28,0,1,2
27,0,1,2
25,0,1,2
23,0,1,2
21,0,1,2
20,0,1,2
18,0,1,2
16,0,1,2,3
16,0,1,2,3
16,0,1,2,3
14,0,1,2,3
12,0,1,2,3
10,0,1,2,3,4
8,0,1,2,3,4,5,6
6,0,1,2,3,4,5,6
4,0,1,2,3,4
2,0,1,2
81,0
79,0
77,0
75,0
73,0,1
71,0,1
69,0,1
67,0,1
65,0,1
63,0,1
62,0,1
60,0,1
58,0,1
57,0,1
57,0,1
55,0,1
53,0,1
51,0,1
49,0,1
47,0,1,2
46,0,1,2
44,0,1,2
42,0,1,2
40,0,1,2
39,0,1,2
37,0,1,2
36,0,1,2
36,0,1,2
35,0,1,2
33,0,1,2
32,0,1,2
31,0,1,2
30,0,1,2
28,0,1,2
26,0,1,2
25,0,1,2
23,0,1,2
21,0,1,2
20,0,1,2
18,0,1,2
16,0,1,2
14,0,1,2,3
13,0,1,2,3
11,0,1,2,3,4
9,0,1,2,3,4,5
7,0,1,2,3,4,5,6,7
5,0,1,2,3,4,5
3,0,1,2,3
1,0,1
80,0
78,0
76,0
74,0
73,0
71,0
70,0,1
68,0,1
66,0,1
64,0,1
62,0,1
60,0,1
59,0,1
57,0,1
57,0,1
55,0,1
55,0,1
54,0,1
52,0,1
52,0,1
51,0,1
49,0,1
47,0,1
45,0,1
43,0,1
41,0,1,2
41,0,1,2
39,0,1,2
37,0,1,2
37,0,1,2
35,0,1,2
34,0,1,2
32,0,1,2
31,0,1,2
29,0,1,2
28,0,1,2
27,0,1,2
27,0,1,2
25,0,1,2
23,0,1,2
23,0,1,2
22,0,1,2
22,0,1,2
21,0,1,2
20,0,1,2
19,0,1,2,3
18,0,1,2,3
16,0,1,2,3
14,0,1,2,3
12,0,1,2,3
10,0,1,2,3,4
8,0,1,2,3,4,5,6
6,0,1,2,3,4,5,6
4,0,1,2,3,4
2,0,1,2
81,0
79,0
77,0
75,0
73,0
71,0,1
69,0,1
67,0,1
65,0,1
63,0,1
61,0,1
60,0,1
59,0,1
57,0,1
56,0,1
54,0,1
54,0,1
54,0,1
53,0,1
51,0,1
51,0,1
49,0,1
48,0,1
46,0,1,2
45,0,1,2
45,0,1,2
43,0,1,2
80,0
78,0
76,0
74,0
72,0,1
71,0
69,0,1
67,0,1
66,0,1
64,0,1
62,0,1
61,0,1
59,0,1
58,0,1
57,0,1
55,0,1
54,0,1
52,0,1
51,0,1
50,0,1
48,0,1
46,0,1,2
46,0,1
46,0,1
44,0,1,2
43,0,1,2
42,0,1,2
41,0,1,2
41,0,1,2
40,0,1,2
39,0,1,2
38,0,1,2
37,0,1,2
36,0,1,2
35,0,1,2
34,0,1,2
32,0,1,2
31,0,1,2
31,0,1,2
29,0,1,2
28,0,1,2
27,0,1,2
25,0,1,2
24,0,1,2
22,0,1,2
20,0,1,2
18,0,1,2,3
16,0,1,2,3
14,0,1,2,3
12,0,1,2,3
10,0,1,2,3,4
8,0,1,2,3,4,5
6,0,1,2,3,4,5,6
4,0,1,2,3,4
2,0,1,2
81,0
79,0
77,0
75,0
73,0
71,0,1
69,0,1
67,0,1
65,0,1
63,0,1
62,0,1
61,0,1
59,0,1
58,0,1
58,0,1
56,0,1
55,0,1
54,0,1
53,0,1
51,0,1
49,0,1
48,0,1
46,0,1,2
45,0,1,2
43,0,1,2
42,0,1,2
41,0,1,2
40,0,1,2
39,0,1,2
38,0,1,2
38,0,1,2
36,0,1,2
35,0,1,2
34,0,1,2
32,0,1,2
31,0,1,2
30,0,1,2
29,0,1,2
27,0,1,2
25,0,1,2
24,0,1,2
23,0,1,2
23,0,1,2
22,0,1,2
20,0,1,2
19,0,1,2
17,0,1,2,3
15,0,1,2,3
13,0,1,2,3
11,0,1,2,3,4
9,0,1,2,3,4,5
7,0,1,2,3,4,5,6,7
5,0,1,2,3,4,5
3,0,1,2,3
1,0,1
80,0
78,0
76,0
74,0
72,0,1
70,0,1
68,0,1
66,0,1
64,0,1
62,0,1
60,0,1
59,0,1
57,0,1
56,0,1
55,0,1
53,0,1
51,0,1
51,0,1
49,0,1
47,0,1
46,0,1,2
45,0,1,2
44,0,1,2
43,0,1,2
41,0,1,2
40,0,1,2
38,0,1,2
37,0,1,2
36,0,1,2
34,0,1,2
34,0,1,2
32,0,1,2
31,0,1,2
30,0,1,2
30,0,1,2
28,0,1,2
26,0,1,2
25,0,1,2
25,0,1,2
24,0,1,2
22,0,1,2
21,0,1,2
21,0,1,2
20,0,1,2
18,0,1,2,3
16,0,1,2,3
14,0,1,2,3
12,0,1,2,3,4
10,0,1,2,3,4
8,0,1,2,3,4,5,6
6,0,1,2,3,4,5,6
4,0,1,2,3,4
2,0,1,2
81,0
79,0
77,0
75,0
73,0
71,0,1
69,0,1
67,0,1
65,0,1
64,0,1
62,0,1
61,0,1
59,0,1
59,0,1
58,0,1
56,0,1
55,0,1
54,0,1
53,0,1
51,0,1
50,0,1
48,0,1,2
47,0,1
46,0,1
45,0,1
43,0,1,2
43,0,1,2
42,0,1,2
40,0,1,2
38,0,1,2
37,0,1,2
36,0,1,2
35,0,1,2
34,0,1,2
32,0,1,2
31,0,1,2
31,0,1,2
29,0,1,2
28,0,1,2
27,0,1,2
26,0,1,2
24,0,1,2
22,0,1,2
20,0,1,2
18,0,1,2,3
16,0,1,2,3
14,0,1,2,3
12,0,1,2,3
10,0,1,2,3,4
8,0,1,2,3,4,5
6,0,1,2,3,4,5,6
4,0,1,2,3,4
2,0,1,2
80,0
78,0
76,0
74,0
72,0
71,0
69,0,1
68,0,1
66,0,1
65,0,1
64,0,1
62,0,1
61,0,1
59,0,1
57,0,1
55,0,1
53,0,1
51,0,1
49,0,1
47,0,1
45,0,1,2
43,0,1,2
42,0,1,2
40,0,1,2
40,0,1,2
39,0,1,2
38,0,1,2
37,0,1,2
35,0,1,2
33,0,1,2
32,0,1,2
31,0,1,2
31,0,1,2
30,0,1,2
28,0,1,2
26,0,1,2
26,0,1,2
26,0,1,2
24,0,1,2
22,0,1,2
20,0,1,2
18,0,1,2,3
16,0,1,2,3
14,0,1,2,3
12,0,1,2,3
10,0,1,2,3,4
8,0,1,2,3,4,5,6
6,0,1,2,3,4,5,6
4,0,1,2,3,4
2,0,1,2
81,0
79,0
77,0
75,0
73,0
71,0,1
69,0,1
67,0,1
65,0,1
63,0,1
62,0,1
61,0,1
59,0,1
58,0,1
57,0,1
56,0,1
55,0,1
54,0,1
52,0,1
51,0,1
49,0,1
47,0,1
46,0,1
44,0,1,2
43,0,1,2
41,0,1,2
40,0,1,2
38,0,1,2
38,0,1,2
37,0,1,2
36,0,1,2
35,0,1,2
35,0,1,2
34,0,1,2
32,0,1,2
31,0,1,2
30,0,1,2
29,0,1,2
27,0,1,2
26,0,1,2
25,0,1,2
23,0,1,2
21,0,1,2
19,0,1,2,3
17,0,1,2,3
15,0,1,2,3
13,0,1,2,3
11,0,1,2,3,4
9,0,1,2,3,4,5
7,0,1,2,3,4,5,6,7
5,0,1,2,3,4,5
3,0,1,2,3
1,0,1
80,0
78,0
76,0
74,0
72,0
70,0,1
68,0,1
66,0,1
64,0,1
62,0,1
60,0,1
59,0,1
57,0,1
56,0,1
55,0,1
53,0,1
52,0,1
50,0,1
49,0,1
48,0,1
46,0,1
44,0,1,2
43,0,1,2
41,0,1,2
39,0,1,2
38,0,1,2
37,0,1,2
37,0,1,2
36,0,1,2
34,0,1,2
34,0,1,2
32,0,1,2
30,0,1,2
30,0,1,2
30,0,1,2
28,0,1,2
27,0,1,2
26,0,1,2
24,0,1,2
23,0,1,2
21,0,1,2,3
20,0,1,2,3
18,0,1,2,3
16,0,1,2,3
14,0,1,2,3
12,0,1,2,3,4
10,0,1,2,3,4
8,0,1,2,3,4,5
6,0,1,2,3,4,5,6
4,0,1,2,3,4
2,0,1,2
81,0
79,0
77,0
75,0
73,0
71,0,1
80,0
78,0
76,0
74,0
72,0,1
70,0,1
68,0,1
66,0,1
64,0,1
62,0,1
60,0,1
59,0,1
57,0,1
57,0,1
56,0,1
54,0,1
52,0,1
50,0,1,2
49,0,1,2
48,0,1,2
47,0,1
45,0,1,2
44,0,1,2
43,0,1,2
42,0,1,2
42,0,1,2
41,0,1,2
41,0,1,2
39,0,1,2
38,0,1,2
37,0,1,2
37,0,1,2
35,0,1,2
35,0,1,2
33,0,1,2
33,0,1,2
33,0,1,2
31,0,1,2
31,0,1,2
30,0,1,2
29,0,1,2
28,0,1,2
28,0,1,2
26,0,1,2
24,0,1,2
24,0,1,2
23,0,1,2
21,0,1,2
19,0,1,2,3
17,0,1,2,3
15,0,1,2,3
13,0,1,2,3
12,0,1,2,3
10,0,1,2,3,4
8,0,1,2,3,4,5
6,0,1,2,3,4,5,6
4,0,1,2,3,4
2,0,1,2
81,0
79,0
77,0
75,0
73,0
71,0,1
69,0,1
67,0,1
65,0,1
63,0,1
61,0,1
61,0,1
60,0,1
58,0,1
57,0,1
56,0,1
55,0,1
54,0,1
53,0,1
51,0,1
49,0,1
49,0,1
49,0,1
47,0,1
46,0,1
44,0,1,2
42,0,1,2
42,0,1,2
40,0,1,2
40,0,1,2
39,0,1,2
38,0,1,2
37,0,1,2
35,0,1,2
34,0,1,2
34,0,1,2
34,0,1,2
33,0,1,2
31,0,1,2
29,0,1,2
28,0,1,2
26,0,1,2
24,0,1,2
23,0,1,2
21,0,1,2
19,0,1,2,3
17,0,1,2,3
15,0,1,2,3
13,0,1,2,3
11,0,1,2,3,4
9,0,1,2,3,4,5
7,0,1,2,3,4,5,6,7
5,0,1,2,3,4,5
3,0,1,2,3
1,0,1
80,0
78,0
76,0
74,0
72,0,1
70,0,1
68,0,1
66,0,1
64,0,1
63,0,1
62,0,1
60,0,1
59,0,1
57,0,1
56,0,1
54,0,1
52,0,1
50,0,1
49,0,1
47,0,1,2
45,0,1,2
43,0,1,2
41,0,1,2
40,0,1,2
39,0,1,2
38,0,1,2
37,0,1,2
35,0,1,2
34,0,1,2
33,0,1,2
32,0,1,2
31,0,1,2
29,0,1,2
27,0,1,2
26,0,1,2
25,0,1,2
24,0,1,2
23,0,1,2
22,0,1,2
22,0,1,2
21,0,1,2
20,0,1,2
18,0,1,2,3
16,0,1,2,3
14,0,1,2,3
12,0,1,2,3
10,0,1,2,3,4
8,0,1,2,3,4,5,6
6,0,1,2,3,4,5,6
4,0,1,2,3,4
2,0,1,2
81,0
79,0
77,0
75,0
73,0,1
71,0,1
69,0,1
67,0,1
65,0,1
63,0,1
62,0,1
61,0,1
59,0,1
58,0,1
57,0,1
55,0,1
54,0,1
53,0,1
52,0,1
50,0,1
48,0,1,2
47,0,1,2
46,0,1,2
45,0,1,2
45,0,1,2
43,0,1,2
41,0,1,2
40,0,1,2
40,0,1,2
39,0,1,2
38,0,1,2
36,0,1,2
34,0,1,2
32,0,1,2
31,0,1,2
30,0,1,2
28,0,1,2
26,0,1,2
24,0,1,2
23,0,1,2
22,0,1,2
20,0,1,2
18,0,1,2,3
16,0,1,2,3
14,0,1,2,3
12,0,1,2,3
10,0,1,2,3,4
8,0,1,2,3,4,5
6,0,1,2,3,4,5,6
4,0,1,2,3,4
2,0,1,2
80,0
78,0
76,0
74,0
72,0,1
70,0,1
68,0,1
66,0,1
64,0,1
62,0,1
61,0,1
59,0,1
58,0,1
56,0,1
54,0,1
53,0,1
52,0,1
50,0,1
48,0,1
46,0,1,2
44,0,1,2
42,0,1,2
40,0,1,2
38,0,1,2
37,0,1,2
36,0,1,2
36,0,1,2
35,0,1,2
35,0,1,2
34,0,1,2
33,0,1,2
31,0,1,2
31,0,1,2
31,0,1,2
30,0,1,2
29,0,1,2
28,0,1,2
26,0,1,2
24,0,1,2
22,0,1,2
22,0,1,2
21,0,1,2
20,0,1,2
18,0,1,2
16,0,1,2,3
14,0,1,2,3
14,0,1,2,3
12,0,1,2,3
10,0,1,2,3,4
8,0,1,2,3,4,5,6
6,0,1,2,3,4,5,6
4,0,1,2,3,4
2,0,1,2
81,0
79,0
77,0
75,0
73,0
71,0,1
69,0,1
67,0,1
65,0,1
63,0,1
62,0,1
61,0,1
59,0,1
58,0,1
57,0,1
55,0,1
54,0,1
53,0,1
80,0
78,0
76,0
74,0
72,0
70,0,1
68,0,1
66,0,1
64,0,1
62,0,1
60,0,1
59,0,1
57,0,1
56,0,1
55,0,1
54,0,1
53,0,1
51,0,1
50,0,1
50,0,1
49,0,1
47,0,1
45,0,1
43,0,1
41,0,1,2
39,0,1,2
38,0,1,2
37,0,1,2
36,0,1,2
36,0,1,2
35,0,1,2
33,0,1,2
31,0,1,2
30,0,1,2
30,0,1,2
28,0,1,2
81,0
79,0
77,0
75,0
73,0,1
71,0,1
69,0,1
67,0,1
65,0,1
63,0,1
62,0,1
61,0,1
59,0,1
58,0,1
56,0,1
54,0,1
53,0,1
51,0,1
50,0,1
48,0,1
46,0,1,2
44,0,1,2
42,0,1,2
40,0,1,2
39,0,1,2
38,0,1,2
36,0,1,2
35,0,1,2
34,0,1,2
33,0,1,2
31,0,1,2
31,0,1,2
30,0,1,2
29,0,1,2
28,0,1,2
26,0,1,2
25,0,1,2
24,0,1,2
23,0,1,2
21,0,1,2
19,0,1,2,3
17,0,1,2,3
15,0,1,2,3
13,0,1,2,3
11,0,1,2,3,4
9,0,1,2,3,4,5
7,0,1,2,3,4,5,6,7
5,0,1,2,3,4,5
3,0,1,2,3
1,0,1
80,0
78,0
76,0
74,0
72,0,1
70,0,1
69,0,1
67,0,1
65,0,1
63,0,1
62,0,1
61,0,1
59,0,1
59,0,1
57,0,1
56,0,1
55,0,1
54,0,1
52,0,1
50,0,1
49,0,1
48,0,1
46,0,1
44,0,1,2
43,0,1,2
41,0,1,2
40,0,1,2
38,0,1,2
37,0,1,2
35,0,1,2
34,0,1,2
33,0,1,2
33,0,1,2
31,0,1,2
29,0,1,2
27,0,1,2
26,0,1,2
25,0,1,2
24,0,1,2
23,0,1,2
22,0,1,2
20,0,1,2
18,0,1,2,3
16,0,1,2,3
14,0,1,2,3
12,0,1,2,3,4
10,0,1,2,3,4,5
8,0,1,2,3,4,5,6
6,0,1,2,3,4,5,6
4,0,1,2,3,4
2,0,1,2
81,0
79,0
77,0
75,0
73,0
71,0,1
69,0,1
67,0,1
65,0
63,0,1
61,0,1
60,0,1
58,0,1
57,0,1
56,0,1
54,0,1
52,0,1
51,0,1
49,0,1,2
48,0,1
46,0,1,2
45,0,1,2
43,0,1,2
41,0,1,2
39,0,1,2
39,0,1,2
38,0,1,2
36,0,1,2
35,0,1,2
34,0,1,2
32,0,1,2
30,0,1,2
28,0,1,2
26,0,1,2
25,0,1,2
23,0,1,2
21,0,1,2
20,0,1,2
18,0,1,2
16,0,1,2,3
14,0,1,2,3
12,0,1,2,3
10,0,1,2,3,4
8,0,1,2,3,4
6,0,1,2,3,4,5,6
4,0,1,2,3,4
2,0,1,2
80,0
78,0
76,0
74,0,1
72,0,1
70,0,1
68,0,1
66,0,1
64,0,1
62,0,1
62,0,1
61,0,1
59,0,1
58,0,1
56,0,1
55,0,1
54,0,1
53,0,1
51,0,1
49,0,1
48,0,1
48,0,1
46,0,1,2
45,0,1,2
43,0,1,2
43,0,1,2
42,0,1,2
40,0,1,2
38,0,1,2
37,0,1,2
36,0,1,2
35,0,1,2
34,0,1,2
34,0,1,2
32,0,1,2
30,0,1,2
29,0,1,2
27,0,1,2
25,0,1,2
24,0,1,2
23,0,1,2
21,0,1,2
19,0,1,2,3
17,0,1,2,3
15,0,1,2,3
13,0,1,2,3
11,0,1,2,3,4
9,0,1,2,3,4,5,6
7,0,1,2,3,4,5,6,7
5,0,1,2,3,4,5
3,0,1,2,3
1,0,1
81,0
79,0
77,0
75,0
73,0
71,0,1
69,0,1
67,0,1
66,0,1
64,0,1
62,0,1
60,0,1
59,0,1
58,0,1
56,0,1
55,0,1
53,0,1
51,0,1
49,0,1
48,0,1
46,0,1
44,0,1
42,0,1,2
40,0,1,2
39,0,1,2
37,0,1,2
35,0,1,2
34,0,1,2
32,0,1,2
30,0,1,2
30,0,1,2
28,0,1,2
27,0,1,2
26,0,1,2
25,0,1,2
24,0,1,2
23,0,1,2
21,0,1,2
20,0,1,2
20,0,1,2
18,0,1,2,3
16,0,1,2,3
14,0,1,2,3
12,0,1,2,3,4
10,0,1,2,3,4
9,0,1,2,3,4,5
7,0,1,2,3,4,5,6,7
5,0,1,2,3,4,5
3,0,1,2,3
1,0,1
80,0
78,0
76,0
74,0
72,0,1
70,0,1
68,0,1
66,0,1
64,0,1
63,0,1
62,0,1
60,0,1
59,0,1
57,0,1
56,0,1
55,0,1
54,0,1
52,0,1
50,0,1
49,0,1,2
48,0,1
47,0,1,2
46,0,1,2
44,0,1,2
42,0,1,2
41,0,1,2
39,0,1,2
37,0,1,2
36,0,1,2
35,0,1,2
33,0,1,2
33,0,1,2
33,0,1,2
32,0,1,2
31,0,1,2
30,0,1,2
29,0,1,2
28,0,1,2
26,0,1,2
24,0,1,2
23,0,1,2
22,0,1,2
20,0,1,2
18,0,1,2,3
16,0,1,2,3
14,0,1,2,3
12,0,1,2,3
10,0,1,2,3,4
8,0,1,2,3,4,5
6,0,1,2,3,4,5,6
4,0,1,2,3,4
2,0,1,2
81,0
79,0
77,0
75,0
73,0
71,0,1
69,0,1
67,0,1
65,0,1
63,0,1
61,0,1
60,0,1
59,0,1
57,0,1
56,0,1
54,0,1
53,0,1
51,0,1
51,0,1
49,0,1
49,0,1
49,0,1
48,0,1
47,0,1
46,0,1
45,0,1
44,0,1,2
42,0,1,2
40,0,1,2
39,0,1,2
37,0,1,2
36,0,1,2
35,0,1,2
34,0,1,2
32,0,1,2
30,0,1,2
29,0,1,2
27,0,1,2
25,0,1,2
24,0,1,2
22,0,1,2
21,0,1,2
19,0,1,2,3
17,0,1,2,3
15,0,1,2,3
13,0,1,2,3
11,0,1,2,3,4
9,0,1,2,3,4,5
7,0,1,2,3,4,5,6,7
5,0,1,2,3,4,5
3,0,1,2,3
1,0,1
80,0
78,0
76,0
74,0
72,0,1
70,0,1
68,0,1
66,0,1
64,0,1
62,0,1
61,0,1
60,0,1
58,0,1
57,0,1
55,0,1
54,0,1
53,0,1
52,0,1
50,0,1
48,0,1,2
47,0,1,2
46,0,1,2
44,0,1,2
44,0,1,2
42,0,1,2
42,0,1,2
41,0,1,2
40,0,1,2
39,0,1,2
38,0,1,2
37,0,1,2
36,0,1,2
34,0,1,2
32,0,1,2
30,0,1,2
30,0,1,2
81,0
79,0
77,0
75,0
73,0
71,0,1
69,0,1
67,0,1
65,0,1
63,0,1
61,0,1
60,0,1
59,0,1
57,0,1
56,0,1
54,0,1
53,0,1
52,0,1
50,0,1
48,0,1,2
48,0,1
46,0,1,2
45,0,1,2
44,0,1,2
43,0,1,2
42,0,1,2
42,0,1,2
42,0,1,2
40,0,1,2
39,0,1,2
38,0,1,2
36,0,1,2
35,0,1,2
34,0,1,2
32,0,1,2
80,0
78,0
76,0
74,0
72,0,1
71,0
69,0
67,0,1
65,0,1
63,0,1
61,0,1
60,0,1
59,0,1
57,0,1
55,0,1
54,0,1
53,0,1
52,0,1
50,0,1
48,0,1
46,0,1
44,0,1,2
42,0,1,2
40,0,1,2
39,0,1,2
39,0,1,2
38,0,1,2
36,0,1,2
35,0,1,2
34,0,1,2
33,0,1,2
32,0,1,2
31,0,1,2
30,0,1,2
28,0,1,2
26,0,1,2
24,0,1,2
22,0,1,2
20,0,1,2
18,0,1,2,3
16,0,1,2,3
14,0,1,2,3
12,0,1,2,3
10,0,1,2,3,4
8,0,1,2,3,4,5
6,0,1,2,3,4,5,6
4,0,1,2,3,4
2,0,1,2
81,0
79,0
77,0
75,0
73,0,1
71,0,1
69,0,1
67,0,1
65,0,1
64,0,1
63,0,1
61,0,1
60,0,1
59,0,1
57,0,1
56,0,1
56,0,1
54,0,1
53,0,1
51,0,1
50,0,1
48,0,1
46,0,1,2
44,0,1,2
42,0,1,2
42,0,1,2
41,0,1,2
40,0,1,2
38,0,1,2
36,0,1,2
34,0,1,2
32,0,1,2
31,0,1,2
29,0,1,2
27,0,1,2
25,0,1,2
25,0,1,2
24,0,1,2
23,0,1,2
22,0,1,2
22,0,1,2
20,0,1,2
18,0,1,2,3
16,0,1,2,3
14,0,1,2,3
12,0,1,2,3
10,0,1,2,3,4
8,0,1,2,3,4,5,6
6,0,1,2,3,4,5,6
4,0,1,2,3,4
2,0,1,2
80,0
78,0
76,0
74,0
72,0
70,0
68,0
66,0
64,0
63,0
61,0
60,0
60,0
58,0
56,0,1
55,0,1
53,0,1
52,0,1
50,0,1
50,0,1
49,0,1
48,0,1
46,0,1
44,0,1
42,0,1
42,0,1
41,0,1
40,0,1
38,0,1
36,0,1
34,0,1
32,0,1
30,0,1,2
29,0,1,2
27,0,1,2
26,0,1,2
25,0,1,2
23,0,1,2
22,0,1,2
21,0,1,2
20,0,1,2
20,0,1,2
18,0,1,2
18,0,1,2
16,0,1,2
14,0,1,2
12,0,1,2,3
10,0,1,2,3,4
8,0,1,2,3,4
6,0,1,2,3,4,5,6
4,0,1,2,3,4
2,0,1,2
81,0
79,0
77,0
75,0
73,0
71,0
69,0
67,0
65,0
63,0
61,0
59,0
57,0,1
56,0,1
54,0,1
52,0,1
51,0,1
49,0,1
47,0,1
46,0,1
44,0,1
43,0,1
42,0,1
40,0,1
39,0,1
38,0,1
36,0,1,2
36,0,1,2
35,0,1,2
33,0,1
31,0,1,2
30,0,1,2
29,0,1,2
27,0,1
25,0,1,2
24,0,1,2
22,0,1,2
20,0,1,2
18,0,1,2
16,0,1,2
15,0,1,2,3
14,0,1,2,3
12,0,1,2,3
10,0,1,2,3
8,0,1,2,3,4
6,0,1,2,3,4,5,6
4,0,1,2,3,4
2,0,1,2
80,0
78,0
76,0
74,0
72,0
70,0
68,0
66,0
64,0
63,0
62,0
60,0
59,0
58,0
56,0
55,0,1
53,0,1
52,0,1
51,0,1
49,0,1
47,0,1
46,0,1
45,0,1
44,0,1
43,0,1
43,0,1
42,0,1
40,0,1
38,0,1
36,0,1
34,0,1
33,0,1,2
31,0,1,2
30,0,1,2
29,0,1,2
27,0,1,2
26,0,1,2
24,0,1,2
22,0,1,2
20,0,1,2
18,0,1,2
16,0,1,2
16,0,1,2,3
14,0,1,2,3
13,0,1,2,3
11,0,1,2,3
9,0,1,2,3,4
7,0,1,2,3,4,5,6,7
5,0,1,2,3,4,5
3,0,1,2,3
1,0,1
81,0
79,0
77,0
75,0
73,0
71,0
70,0
68,0
66,0
64,0
62,0
60,0
59,0
58,0,1
56,0,1
55,0,1
55,0,1
53,0,1
52,0,1
50,0,1
50,0,1
49,0,1
47,0,1
46,0,1
46,0,1
44,0,1
43,0,1
41,0,1
39,0,1
38,0,1
37,0,1,2
35,0,1
33,0,1,2
31,0,1,2
30,0,1,2
28,0,1,2
28,0,1,2
27,0,1,2
26,0,1,2
24,0,1,2
23,0,1,2
22,0,1,2
22,0,1,2
22,0,1,2
21,0,1,2
20,0,1,2
18,0,1,2
16,0,1,2,3
14,0,1,2,3
12,0,1,2,3
10,0,1,2,3
8,0,1,2,3,4
6,0,1,2,3,4,5,6
4,0,1,2,3,4
2,0,1,2
80,0
78,0
76,0
74,0
72,0
70,0
68,0
66,0
65,0
64,0
63,0
61,0
60,0
59,0
57,0
57,0
57,0
56,0
55,0
53,0
53,0
52,0,1
52,0
51,0,1
51,0,1
49,0,1
49,0,1
48,0,1
48,0
47,0
47,0,1
46,0,1
46,0,1
44,0,1
42,0,1
41,0,1
41,0,1
39,0,1
37,0,1
36,0,1
36,0,1
34,0,1,2
32,0,1
30,0,1,2
28,0,1,2
26,0,1
24,0,1,2
23,0,1,2
22,0,1,2
21,0,1,2
20,0,1,2
18,0,1,2
18,0,1,2
16,0,1,2
14,0,1,2
12,0,1,2,3
10,0,1,2,3,4
8,0,1,2,3,4
6,0,1,2,3,4,5,6
4,0,1,2,3,4
2,0,1,2
81,0
79,0
77,0
75,0
73,0
71,0
69,0
67,0
65,0
63,0
62,0
61,0
60,0
58,0
56,0,1
54,0,1
52,0,1
51,0,1
51,0,1
50,0,1
49,0,1
48,0,1
47,0,1
46,0,1
44,0,1
43,0,1
41,0,1
40,0,1
39,0,1
37,0,1
35,0,1
33,0,1
31,0,1,2
29,0,1,2
27,0,1,2
25,0,1,2
23,0,1,2
23,0,1,2
22,0,1,2
21,0,1,2
20,0,1,2
18,0,1,2
16,0,1,2
14,0,1,2
12,0,1,2,3
12,0,1,2
10,0,1,2,3
8,0,1,2,3,4
6,0,1,2,3,4,5,6
4,0,1,2,3,4
2,0,1,2
80,0
78,0
76,0
74,0
72,0
70,0
68,0
66,0
64,0
62,0
60,0
59,0
58,0
56,0,1
54,0,1
52,0,1
50,0,1
49,0,1
47,0,1
46,0,1
45,0,1
44,0,1
43,0,1
41,0,1
40,0,1
39,0,1
39,0,1
37,0,1
35,0,1
33,0,1,2
32,0,1,2
30,0,1,2
30,0,1,2
28,0,1,2
27,0,1,2
26,0,1,2
25,0,1,2
23,0,1,2
23,0,1,2
23,0,1,2
21,0,1,2
19,0,1,2
17,0,1,2
15,0,1,2,3
13,0,1,2,3
11,0,1,2,3
9,0,1,2,3,4
7,0,1,2,3,4,5,6,7
5,0,1,2,3,4,5
3,0,1,2,3
1,0,1
81,0
79,0
77,0
75,0
73,0
71,0
69,0
67,0
66,0
64,0
62,0
61,0
59,0
57,0
56,0,1
54,0,1
53,0,1
51,0,1
49,0,1
47,0,1
47,0,1
47,0,1
45,0,1
44,0,1
44,0,1
42,0,1
40,0,1
38,0,1
37,0,1,2
35,0,1
33,0,1
31,0,1,2
30,0,1,2
28,0,1,2
27,0,1,2
27,0,1,2
26,0,1,2
25,0,1,2
24,0,1,2
22,0,1,2
21,0,1,2
20,0,1,2
18,0,1,2
16,0,1,2
14,0,1,2
12,0,1,2,3
10,0,1,2,3
8,0,1,2,3,4,5
80,0
78,0
76,0
74,0
72,0
71,0
69,0
67,0
65,0
63,0
61,0
60,0
59,0
57,0,1
56,0,1
54,0,1
53,0,1
51,0,1
50,0,1
49,0,1
47,0,1
45,0,1
43,0,1
43,0,1
41,0,1
40,0,1
39,0,1
37,0,1,2
37,0,1,2
37,0,1
35,0,1,2
34,0,1,2
33,0,1,2
32,0,1,2
31,0,1,2
30,0,1,2
30,0,1,2
28,0,1,2
26,0,1,2
24,0,1,2
23,0,1,2
21,0,1
19,0,1
17,0,1,2
16,0,1,2
14,0,1,2
12,0,1,2,3
10,0,1,2,3
10,0,1,2,3
8,0,1,2,3,4
6,0,1,2,3,4,5,6
4,0,1,2,3,4
2,0,1,2
81,0
79,0
77,0
75,0
73,0
71,0
69,0
68,0
66,0
66,0
64,0
63,0
61,0
60,0
59,0
57,0
56,0
54,0,1
53,0,1
51,0
51,0
50,0
49,0,1
48,0,1
47,0,1
46,0,1
44,0,1
43,0,1
41,0,1
39,0,1
37,0,1
35,0,1,2
34,0,1,2
32,0,1,2
30,0,1,2
30,0,1,2
28,0,1,2
26,0,1,2
26,0,1,2
25,0,1,2
25,0,1,2
23,0,1,2
21,0,1,2
21,0,1,2
20,0,1,2
20,0,1,2
20,0,1,2
20,0,1,2
18,0,1,2
16,0,1,2,3
14,0,1,2
12,0,1,2,3
10,0,1,2,3
8,0,1,2,3,4
6,0,1,2,3,4,5,6
4,0,1,2,3,4
2,0,1,2
80,0
78,0
76,0
74,0
72,0
70,0
69,0
67,0
81,0
79,0
77,0
75,0
73,0
71,0
69,0
67,0
65,0
63,0
62,0
61,0
59,0
58,0,1
56,0,1
56,0,1
54,0
53,0,1
51,0,1
50,0,1
48,0,1
47,0,1
46,0,1
46,0,1
44,0,1
42,0,1
42,0,1
40,0,1
38,0,1
36,0,1
36,0,1
34,0,1
32,0,1,2
31,0,1,2
30,0,1,2
28,0,1,2
26,0,1,2
25,0,1,2
23,0,1,2
21,0,1,2
20,0,1,2
18,0,1,2
16,0,1,2
16,0,1,2
14,0,1,2
12,0,1,2,3
10,0,1,2,3
10,0,1,2,3
8,0,1,2,3,4
6,0,1,2,3,4,5,6
4,0,1,2,3,4
2,0,1,2
80,0
78,0
76,0
74,0
72,0
70,0
68,0
66,0
64,0
63,0
62,0
61,0
61,0
60,0
58,0
56,0,1
55,0
54,0
53,0
52,0,1
50,0,1
48,0,1
46,0,1
45,0,1
43,0,1
42,0,1
40,0,1
40,0,1
38,0,1
37,0,1
35,0,1
33,0,1
31,0,1,2
29,0,1,2
27,0,1,2
25,0,1,2
23,0,1,2
22,0,1,2
22,0,1,2
21,0,1,2
20,0,1,2
18,0,1,2
16,0,1,2
14,0,1,2,3
12,0,1,2,3
10,0,1,2,3,4
8,0,1,2,3,4
6,0,1,2,3,4,5,6
4,0,1,2,3,4
2,0,1,2
81,0
79,0
77,0
75,0
73,0
73,0
71,0
69,0
68,0
66,0
64,0
62,0
61,0
60,0
58,0
57,0
56,0,1
54,0,1
52,0,1
51,0,1
50,0
49,0
49,0
47,0,1
45,0,1
45,0,1
44,0,1
42,0,1
42,0,1
40,0,1
39,0,1
38,0,1
38,0,1
36,0,1
35,0,1
34,0,1,2
34,0,1
33,0,1
31,0,1,2
30,0,1,2
30,0,1,2
28,0,1,2
27,0,1
25,0,1,2
24,0,1,2
22,0,1,2
20,0,1,2
18,0,1,2
16,0,1,2
14,0,1,2,3
12,0,1,2,3
10,0,1,2,3
10,0,1,2,3
8,0,1,2,3,4
6,0,1,2,3,4,5,6
4,0,1,2,3,4
2,0,1,2
80,0
78,0
76,0
74,0
72,0
70,0
68,0
67,0
65,0
63,0
61,0
60,0
58,0
57,0,1
55,0,1
54,0,1
52,0,1
51,0,1
50,0,1
48,0,1
47,0,1
46,0,1
45,0,1
44,0,1
44,0,1
43,0,1
42,0,1
40,0,1
38,0,1
36,0,1
34,0,1,2
33,0,1,2
32,0,1,2
31,0,1,2
30,0,1,2
29,0,1,2
27,0,1,2
27,0,1,2
25,0,1,2
24,0,1,2
22,0,1,2
21,0,1,2
20,0,1,2
20,0,1,2
18,0,1,2
18,0,1,2
17,0,1,2
15,0,1,2
14,0,1,2
12,0,1,2,3
10,0,1,2,3
8,0,1,2,3,4
6,0,1,2,3,4,5,6
4,0,1,2,3,4
2,0,1,2
81,0
79,0
77,0
75,0
73,0
71,0
69,0
67,0
65,0
63,0
62,0
60,0
59,0
57,0,1
56,0,1
55,0,1
54,0,1
53,0,1
53,0,1
51,0,1
50,0,1
48,0,1
47,0,1
46,0,1
44,0,1
44,0,1
43,0,1
42,0,1
40,0,1
38,0,1
36,0,1
34,0,1,2
33,0,1,2
33,0,1,2
32,0,1,2
30,0,1,2
29,0,1,2
27,0,1
25,0,1,2
24,0,1,2
23,0,1,2
21,0,1,2
20,0,1,2
20,0,1,2
18,0,1,2
16,0,1,2
14,0,1,2,3
12,0,1,2,3
10,0,1,2,3
8,0,1,2,3,4
6,0,1,2,3,4,5,6
4,0,1,2,3,4
2,0,1,2
80,0
81,0
79,0
77,0
75,0
73,0
71,0
70,0
68,0
66,0
65,0
63,0
62,0
62,0
61,0
59,0
58,0
58,0
57,0
55,0
53,0,1
52,0,1
51,0,1
51,0,1
50,0,1
48,0,1
48,0,1
47,0,1
45,0,1
44,0,1
43,0,1
42,0,1
40,0,1
39,0,1
37,0,1
35,0,1
34,0,1
33,0,1,2
31,0,1,2
30,0,1,2
29,0,1,2
29,0,1,2
27,0,1,2
25,0,1,2
25,0,1,2
25,0,1,2
24,0,1,2
22,0,1,2
20,0,1,2
18,0,1,2
16,0,1,2
14,0,1,2
12,0,1,2,3
10,0,1,2,3
8,0,1,2,3,4
6,0,1,2,3,4,5,6
4,0,1,2,3,4
2,0,1,2
80,0
78,0
76,0
74,0
72,0
70,0
69,0
67,0
65,0
63,0
61,0
60,0,1
59,0
59,0
57,0,1
57,0
56,0
54,0,1
53,0,1
51,0,1
49,0,1
48,0,1
47,0,1
46,0,1
45,0,1
44,0,1
43,0,1
41,0,1
39,0,1
37,0,1
35,0,1,2
33,0,1,2
32,0,1,2
30,0,1,2
28,0,1,2
28,0,1,2
27,0,1,2
25,0,1
23,0,1,2
21,0,1,2
20,0,1,2
20,0,1,2
18,0,1,2,3
17,0,1,2
15,0,1,2,3
13,0,1,2,3
11,0,1,2,3
9,0,1,2,3,4
7,0,1,2,3,4,5
5,0,1,2,3,4,5
3,0,1,2,3
1,0,1
81,0
79,0
77,0
75,0
73,0
71,0
69,0
67,0
65,0
63,0
61,0
60,0
58,0,1
57,0,1
55,0,1
53,0,1
52,0,1
50,0,1
49,0,1
49,0,1
47,0,1
46,0,1
46,0,1
44,0,1
43,0,1
41,0,1
39,0,1
38,0,1
37,0,1
35,0,1,2
34,0,1,2
34,0,1,2
>>>>>>> Stashed changes
33,0,1,2
32,0,1,2
30,0,1,2
29,0,1,2
28,0,1,2
<<<<<<< Updated upstream
26,0,1,2
25,0,1,2
23,0,1,2
21,0,1,2,3
19,0,1,2,3
17,0,1,2,3
15,0,1,2,3,4
14,0,1,2,3,4
12,0,1,2,3,4
10,0,1,2,3,4,5
8,0,1,2,3,4,5,6
6,0,1,2,3,4,5,6
4,0,1,2,3,4
2,0,1,2
63,0,1
63,0,1
63,0,1,2
62,0,1,2
62,0,1
60,0,1
59,0,1
58,0,1,2
57,0,1
56,0,1
55,0,1
54,0,1,2
54,0,1
53,0,1,2
51,0,1,2
50,0,1
48,0,1,2
46,0,1,2
45,0,1,2
43,0,1,2
41,0,1,2
40,0,1,2
39,0,1,2
38,0,1,2
37,0,1,2
36,0,1,2
34,0,1,2
33,0,1,2
32,0,1,2
30,0,1,2
29,0,1,2
28,0,1,2
26,0,1,2
25,0,1,2
24,0,1,2
22,0,1,2
21,0,1,2,3
19,0,1,2,3
17,0,1,2,3
16,0,1,2,3
14,0,1,2,3,4
12,0,1,2,3,4
10,0,1,2,3,4,5
8,0,1,2,3,4,5,6,7
6,0,1,2,3,4,5,6
4,0,1,2,3,4
2,0,1,2
64,0,1
63,0,1
63,0,1
63,0,1
62,0,1
62,0,1
60,0,1
59,0,1
58,0,1,2
57,0,1,2
56,0
=======
27,0,1,2
25,0,1
23,0,1,2
22,0,1,2
20,0,1,2
20,0,1,2
20,0,1,2
18,0,1,2
18,0,1,2
16,0,1,2
14,0,1,2
12,0,1,2
10,0,1,2,3
8,0,1,2,3
6,0,1,2,3,4,5,6
4,0,1,2,3,4
2,0,1,2
80,0
78,0
76,0
74,0
72,0
70,0
68,0
67,0
66,0
65,0
63,0
61,0
60,0
58,0
58,0
57,0
55,0,1
53,0,1
52,0,1
51,0,1
50,0,1
50,0,1
49,0,1
48,0,1
46,0,1
45,0,1
44,0,1
44,0,1
43,0,1
42,0,1
41,0,1
40,0,1
38,0,1
36,0,1,2
35,0,1,2
34,0,1,2
33,0,1,2
33,0,1,2
31,0,1,2
30,0,1,2
30,0,1,2
28,0,1,2
26,0,1
24,0,1,2
23,0,1,2
21,0,1,2
20,0,1,2
18,0,1,2
16,0,1,2
15,0,1,2
14,0,1,2
12,0,1,2,3
10,0,1,2,3
8,0,1,2,3,4
6,0,1,2,3,4,5,6
4,0,1,2,3,4
2,0,1,2
>>>>>>> Stashed changes
81,0
79,0
77,0
75,0
73,0
<<<<<<< Updated upstream
71,0
69,0
67,0
66,0
64,0
63,0,1
61,0,1
59,0,1
57,0,1
55,0,1
54,0,1
53,0,1
51,0,1
51,0,1
50,0,1
49,0,1
48,0,1
46,0,1
44,0,1
42,0,1,2
40,0,1
38,0,1,2
37,0,1,2
36,0,1,2
35,0,1,2
33,0,1,2
32,0,1
31,0,1,2
30,0,1,2
=======
72,0
70,0
68,0
67,0
66,0
64,0
63,0
63,0
61,0
60,0
59,0
58,0
56,0,1
54,0
53,0,1
51,0
49,0,1
47,0,1
46,0,1
44,0,1
44,0,1
43,0,1
41,0,1
41,0,1
39,0,1
37,0,1
37,0,1,2
35,0,1,2
34,0,1,2
32,0,1,2
31,0,1,2
30,0,1,2
29,0,1,2
>>>>>>> Stashed changes
28,0,1,2
27,0,1,2
26,0,1,2
25,0,1,2
<<<<<<< Updated upstream
23,0,1,2
21,0,1,2
19,0,1,2,3
17,0,1,2,3
15,0,1,2
13,0,1,2,3
11,0,1,2,3,4
=======
24,0,1,2
23,0,1,2
21,0,1,2
19,0,1,2
17,0,1,2
15,0,1,2
13,0,1,2,3
11,0,1,2,3
>>>>>>> Stashed changes
9,0,1,2,3,4
7,0,1,2,3,4,5,6
5,0,1,2,3,4,5
3,0,1,2,3
1,0,1
<<<<<<< Updated upstream
=======
80,0
78,0
76,0
74,0
72,0
70,0
68,0
66,0
64,0
63,0
62,0
61,0
59,0
58,0
57,0
55,0,1
55,0,1
53,0,1
51,0,1
50,0,1
>>>>>>> Stashed changes
81,0
79,0
77,0
75,0
73,0
71,0
69,0
<<<<<<< Updated upstream
68,0
66,0
64,0
62,0
61,0
60,0,1
58,0,1
56,0,1
55,0,1
54,0,1
52,0,1
50,0,1
48,0,1
47,0,1
46,0,1
45,0,1,2
44,0
42,0,1
40,0,1
38,0,1,2
36,0,1,2
35,0,1,2
34,0,1,2
33,0,1,2
31,0,1,2
29,0,1,2
28,0,1,2
26,0,1,2
24,0,1,2
23,0,1,2
21,0,1,2
19,0,1,2
17,0,1,2,3
15,0,1,2,3
13,0,1,2,3
11,0,1,2,3,4
9,0,1,2,3,4,5,6
7,0,1,2,3,4,5,6,7
5,0,1,2,3,4,5
3,0,1,2,3
=======
67,0
66,0
64,0
64,0
63,0
61,0
60,0
59,0
57,0
57,0
55,0
53,0,1
51,0,1
49,0,1
48,0,1
46,0,1
45,0,1
44,0,1
42,0,1
40,0,1
39,0,1
38,0,1
37,0,1
36,0,1,2
35,0,1
35,0,1
33,0,1,2
32,0,1,2
31,0,1,2
30,0,1
29,0,1
28,0,1,2
27,0,1
25,0,1,2
24,0,1,2
22,0,1,2
21,0,1,2
20,0,1,2
18,0,1,2
16,0,1,2
16,0,1,2
14,0,1,2,3
12,0,1,2,3
10,0,1,2,3
8,0,1,2,3,4
6,0,1,2,3,4,5,6
4,0,1,2,3,4
2,0,1,2
80,0
78,0
76,0
>>>>>>> Stashed changes
81,0
79,0
77,0
75,0
73,0
71,0
<<<<<<< Updated upstream
69,0
67,0
66,0
64,0
62,0,1
60,0,1
58,0,1
57,0,1
55,0,1
53,0,1
51,0,1
49,0,1
48,0,1
48,0,1
47,0,1
47,0,1
45,0,1
44,0,1
43,0,1
41,0,1
40,0,1
39,0,1,2
38,0,1,2
37,0,1,2
36,0,1,2
36,0,1,2
34,0,1,2
33,0,1,2
32,0,1,2
30,0,1,2
28,0,1,2
27,0,1,2
25,0,1,2
24,0,1,2
22,0,1,2
20,0,1,2
18,0,1,2
18,0,1,2
18,0,1,2
18,0,1,2
17,0,1,2
15,0,1,2
13,0,1,2,3
11,0,1,2,3,4
9,0,1,2,3,4,5
7,0,1,2,3,4,5,6,7
5,0,1,2,3,4,5
3,0,1,2,3
1,0,1
=======
70,0
68,0
66,0
64,0
62,0
60,0
58,0
56,0
55,0
53,0,1
51,0,1
49,0,1
47,0,1
45,0,1
45,0,1
43,0,1
42,0,1
41,0,1
40,0,1
38,0,1
38,0,1
36,0,1
34,0,1
32,0,1
31,0,1,2
29,0,1,2
28,0,1,2
27,0,1,2
27,0,1,2
25,0,1,2
24,0,1,2
23,0,1,2
21,0,1,2
19,0,1,2
18,0,1,2,3
16,0,1,2,3
14,0,1,2,3
12,0,1,2,3
10,0,1,2,3
8,0,1,2,3,4
6,0,1,2,3,4,5,6
4,0,1,2,3,4
2,0,1,2
80,0
78,0
76,0
74,0
72,0
70,0
68,0
66,0
64,0
62,0
61,0
60,0
59,0
57,0
56,0
54,0,1
52,0,1
51,0,1
50,0,1
50,0,1
48,0,1
47,0,1
45,0,1
45,0,1
43,0,1
41,0,1
41,0,1
39,0,1
39,0,1
37,0,1
35,0,1
34,0,1,2
32,0,1,2
31,0,1,2
29,0,1,2
28,0,1,2
27,0,1,2
25,0,1,2
23,0,1,2
23,0,1,2
22,0,1,2
21,0,1,2
21,0,1,2
20,0,1,2
18,0,1,2
16,0,1,2
14,0,1,2
12,0,1,2,3
10,0,1,2,3
8,0,1,2,3,4
6,0,1,2,3,4,5,6
4,0,1,2,3,4
2,0,1,2
>>>>>>> Stashed changes
81,0
79,0
77,0
75,0
73,0
71,0
70,0
<<<<<<< Updated upstream
=======
69,0
68,0
66,0
64,0
62,0
60,0
59,0
57,0
56,0,1
54,0,1
53,0,1
53,0,1
51,0,1
50,0,1
48,0,1
46,0,1
45,0,1
45,0,1
43,0,1
42,0,1
41,0,1
39,0,1
37,0,1
37,0,1
35,0,1
33,0,1,2
31,0,1,2
29,0,1,2
27,0,1
25,0,1,2
24,0,1,2
23,0,1,2
21,0,1,2
20,0,1,2
18,0,1,2
18,0,1,2
16,0,1,2
14,0,1,2,3
12,0,1,2,3
10,0,1,2,3
8,0,1,2,3,4
6,0,1,2,3,4,5,6
4,0,1,2,3,4
2,0,1,2
80,0
78,0
76,0
74,0
72,0
70,0
68,0
66,0
64,0
62,0
61,0
59,0
57,0,1
56,0,1
54,0,1
53,0,1
51,0,1
50,0,1
48,0,1
47,0,1
46,0,1
45,0,1
44,0,1
43,0,1
43,0,1
41,0,1
39,0,1
37,0,1
35,0,1,2
34,0,1,2
32,0,1,2
31,0,1,2
29,0,1,2
>>>>>>> Stashed changes
81,0
79,0
77,0
75,0
73,0
71,0
69,0
<<<<<<< Updated upstream
68,0
66,0
65,0
63,0
62,0,1
60,0
58,0
56,0
55,0
53,0,1
52,0
50,0,1
48,0,1
46,0,1
45,0
44,0,1
43,0,1
43,0,1
41,0,1
40,0,1
38,0,1
37,0,1,2
35,0,1,2
33,0,1,2
31,0,1,2
29,0,1,2
27,0,1,2
26,0,1,2
24,0,1,2
22,0,1,2
22,0,1,2
22,0,1,2
20,0,1,2
18,0,1,2,3
16,0,1,2,3
14,0,1,2,3
12,0,1,2,3,4
10,0,1,2,3,4
=======
67,0
65,0
64,0
63,0
61,0
60,0
58,0,1
57,0
56,0,1
55,0,1
55,0
54,0,1
54,0,1
52,0,1
50,0,1
49,0,1
49,0,1
48,0
46,0,1
44,0,1
43,0,1
41,0,1
39,0,1
37,0,1
36,0,1
35,0,1
34,0,1
33,0,1,2
32,0,1,2
30,0,1,2
29,0,1,2
29,0,1,2
28,0,1,2
27,0,1,2
26,0,1,2
25,0,1,2
23,0,1,2
21,0,1,2
20,0,1,2
18,0,1,2
16,0,1,2
14,0,1,2,3
12,0,1,2,3
10,0,1,2,3
>>>>>>> Stashed changes
8,0,1,2,3,4
6,0,1,2,3,4,5,6
4,0,1,2,3,4
2,0,1,2
<<<<<<< Updated upstream
81,0
79,0
77,0
75,0
73,0
71,0
70,0
68,0
66,0
64,0
62,0,1
60,0,1
59,0
58,0
56,0
55,0,1
53,0,1
52,0,1
50,0,1
48,0,1
46,0,1
44,0,1
42,0,1
41,0,1
39,0,1
38,0,1
37,0,1,2
35,0,1,2
34,0,1,2
32,0,1,2
31,0,1,2
29,0,1,2
27,0,1,2
25,0,1,2
23,0,1,2
22,0,1,2
20,0,1,2
19,0,1,2
18,0,1,2
16,0,1,2
14,0,1,2,3
12,0,1,2,3,4
10,0,1,2,3,4
8,0,1,2,3,4,5
6,0,1,2,3,4,5,6
4,0,1,2,3,4
3,0,1,2,3
1,0,1
81,0
79,0
77,0
75,0
73,0
71,0
69,0
67,0
65,0
=======
80,0
78,0
76,0
74,0
72,0
70,0
68,0
66,0
65,0
63,0
61,0
60,0
58,0
56,0,1
55,0,1
53,0,1
52,0,1
51,0,1
49,0,1
49,0,1
48,0,1
46,0,1
46,0,1
46,0,1
45,0,1
44,0,1
42,0,1
41,0,1
40,0,1
39,0,1
39,0,1
39,0,1
37,0,1
37,0,1
35,0,1,2
34,0,1
32,0,1,2
30,0,1
28,0,1,2
27,0,1,2
26,0,1,2
25,0,1,2
24,0,1,2
22,0,1,2
20,0,1,2
18,0,1,2
16,0,1,2
14,0,1,2
12,0,1,2,3
10,0,1,2,3
8,0,1,2,3,4
6,0,1,2,3,4,5,6
4,0,1,2,3,4
2,0,1,2
>>>>>>> Stashed changes
81,0
79,0
77,0
75,0
73,0
71,0
69,0
67,0
65,0
63,0
<<<<<<< Updated upstream
61,0,1
59,0,1
57,0,1
56,0,1
54,0,1
52,0,1
51,0,1
49,0,1
47,0,1,2
45,0,1
43,0,1
41,0,1,2
40,0,1,2
38,0,1,2
37,0,1,2
36,0,1,2
35,0,1,2
33,0,1,2
31,0,1
29,0,1,2
28,0,1,2
26,0,1,2
24,0,1,2
22,0,1,2
20,0,1,2
18,0,1,2,3
16,0,1,2,3
14,0,1,2,3
12,0,1,2,3
10,0,1,2,3,4
8,0,1,2,3,4,5,6,7
6,0,1,2,3,4,5,6
5,0,1,2,3,4,5
3,0,1,2,3
1,0,1
81,0
79,0
81,0
79,0
81,0
79,0
81,0
79,0
77,0
75,0
73,0
71,0,1
69,0,1
67,0,1
65,0,1
63,0,1
62,0,1
61,0,1
59,0,1
57,0,1
56,0,1
54,0,1
53,0,1
52,0,1
51,0,1
49,0,1
48,0,1
46,0,1
45,0,1
44,0,1,2
43,0,1,2
41,0,1
39,0,1
37,0,1
36,0,1,2
35,0,1
33,0,1,2
32,0,1,2
31,0,1,2
30,0,1,2
30,0,1,2
29,0,1,2
27,0,1,2
25,0,1,2
23,0,1,2
21,0,1,2
19,0,1,2,3
17,0,1,2,3
15,0,1,2,3
13,0,1,2,3
11,0,1,2,3,4
10,0,1,2,3,4
8,0,1,2,3,4,5
8,0,1,2,3,4,5
7,0,1,2,3,4,5,6,7
5,0,1,2,3,4,5
3,0,1,2,3
1,0,1
81,0
79,0
77,0
75,0
73,0
71,0,1
69,0,1
67,0,1
66,0,1
64,0,1
62,0,1
60,0,1
59,0,1
58,0,1
57,0,1
55,0,1
54,0,1
52,0,1
50,0,1
49,0,1
48,0,1
47,0,1
47,0,1
46,0,1
44,0,1
43,0,1
41,0,1,2
40,0,1,2
39,0,1,2
37,0,1,2
35,0,1,2
34,0,1,2
32,0,1,2
31,0,1,2
31,0,1,2
30,0,1,2
29,0,1,2
28,0,1,2
26,0,1,2
24,0,1,2
22,0,1,2
20,0,1,2
18,0,1,2
16,0,1,2
14,0,1,2,3
12,0,1,2,3
11,0,1,2,3,4
9,0,1,2,3,4,5
7,0,1,2,3,4,5,6,7
5,0,1,2,3,4,5
3,0,1,2,3
81,0
79,0
77,0
75,0
73,0
71,0,1
69,0,1
67,0,1
65,0,1
63,0,1
62,0,1
60,0,1
58,0,1
=======
62,0
60,0
58,0
57,0,1
55,0,1
54,0,1
53,0,1
51,0,1
50,0,1
49,0,1
48,0,1
47,0,1
45,0,1
45,0,1
44,0,1
42,0,1
42,0,1
40,0,1
39,0,1
39,0,1
37,0,1
36,0,1
36,0,1
35,0,1
34,0,1,2
32,0,1
30,0,1
28,0,1,2
28,0,1,2
27,0,1,2
26,0,1,2
25,0,1,2
24,0,1,2
24,0,1,2
23,0,1,2
23,0,1,2
22,0,1,2
21,0,1,2
20,0,1,2
20,0,1,2
19,0,1,2
17,0,1,2
15,0,1,2
13,0,1,2,3
11,0,1,2,3
10,0,1,2,3
8,0,1,2,3,4
6,0,1,2,3,4,5,6
4,0,1,2,3,4
2,0,1,2
80,0
78,0
76,0
74,0
72,0
70,0
68,0
66,0
65,0
63,0
62,0
61,0
60,0
59,0
57,0
56,0,1
55,0,1
53,0,1
52,0,1
51,0,1
51,0,1
49,0,1
48,0,1
48,0,1
47,0,1
46,0,1
45,0,1
45,0,1
43,0,1
41,0,1
39,0,1
39,0,1
37,0,1,2
36,0,1
34,0,1
32,0,1,2
30,0,1,2
30,0,1,2
29,0,1,2
29,0,1,2
27,0,1,2
26,0,1,2
25,0,1,2
23,0,1,2
21,0,1,2
20,0,1,2
18,0,1,2
16,0,1,2
14,0,1,2
12,0,1,2,3
10,0,1,2,3
8,0,1,2,3,4
6,0,1,2,3,4,5,6
4,0,1,2,3,4
2,0,1,2
81,0
79,0
77,0
75,0
73,0
71,0
69,0
67,0
65,0
63,0
61,0
60,0
59,0
58,0
56,0,1
55,0,1
54,0,1
52,0,1
51,0,1
49,0,1
48,0,1
48,0,1
47,0,1
45,0,1
44,0,1
43,0,1
41,0,1
40,0,1
38,0,1
36,0,1,2
35,0,1,2
33,0,1,2
33,0,1,2
32,0,1,2
31,0,1,2
29,0,1,2
27,0,1,2
26,0,1,2
24,0,1
22,0,1,2
21,0,1,2
20,0,1,2
18,0,1,2
16,0,1,2
14,0,1,2
14,0,1,2
12,0,1,2,3
10,0,1,2,3
8,0,1,2,3,4
6,0,1,2,3,4,5,6
4,0,1,2,3,4
2,0,1,2
80,0
78,0
76,0
74,0
72,0
70,0
69,0
67,0
65,0
63,0
62,0
62,0
61,0
60,0
59,0
58,0
>>>>>>> Stashed changes
56,0,1
55,0,1
53,0,1
52,0,1
<<<<<<< Updated upstream
51,0,1
49,0,1
47,0,1
45,0,1,2
44,0,1
42,0,1,2
41,0,1,2
40,0,1,2
38,0,1,2
37,0,1,2
37,0,1,2
35,0,1,2
35,0,1,2
34,0,1,2
32,0,1,2
31,0,1,2
30,0,1,2
30,0,1,2
28,0,1,2
26,0,1
24,0,1,2
=======
52,0,1
51,0,1
51,0,1
49,0,1
49,0,1
47,0,1
47,0,1
45,0,1
45,0,1
44,0,1
42,0,1
41,0,1
39,0,1
37,0,1
35,0,1
33,0,1
31,0,1,2
30,0,1,2
29,0,1,2
27,0,1,2
25,0,1,2
>>>>>>> Stashed changes
24,0,1,2
24,0,1,2
24,0,1,2
22,0,1,2
<<<<<<< Updated upstream
21,0,1,2
20,0,1,2
18,0,1,2
16,0,1,2,3
14,0,1,2,3
12,0,1,2,3,4
10,0,1,2,3,4
8,0,1,2,3,4,5,6
=======
20,0,1,2
18,0,1,2
16,0,1,2
14,0,1,2
12,0,1,2,3
12,0,1,2
10,0,1,2,3
8,0,1,2,3,4
>>>>>>> Stashed changes
6,0,1,2,3,4,5,6
4,0,1,2,3,4
2,0,1,2
81,0
79,0
77,0
75,0
73,0
<<<<<<< Updated upstream
71,0,1
69,0,1
67,0,1
65,0,1
63,0,1
62,0,1
61,0,1
59,0,1
58,0,1
57,0,1
55,0,1
53,0,1
52,0,1
50,0,1
48,0,1
46,0,1,2
46,0,1
44,0,1,2
43,0,1,2
41,0,1,2
40,0,1,2
38,0,1,2
37,0,1,2
36,0,1,2
34,0,1,2
32,0,1,2
32,0,1,2
31,0,1,2
30,0,1,2
29,0,1,2
28,0,1,2
=======
71,0
70,0
69,0
68,0
66,0
65,0
63,0
61,0
60,0
59,0
58,0
57,0
57,0
55,0
54,0
53,0,1
51,0,1
51,0,1
51,0,1
50,0,1
48,0,1
47,0,1
46,0,1
45,0,1
43,0,1
43,0,1
41,0,1
40,0,1
38,0,1
36,0,1
34,0,1
32,0,1,2
32,0,1,2
30,0,1,2
29,0,1,2
28,0,1,2
26,0,1,2
26,0,1,2
25,0,1,2
24,0,1,2
24,0,1,2
24,0,1,2
23,0,1,2
21,0,1,2
20,0,1,2
18,0,1,2
16,0,1,2
14,0,1,2
12,0,1,2,3
10,0,1,2,3
8,0,1,2,3,4
6,0,1,2,3,4,5,6
4,0,1,2,3,4
2,0,1,2
80,0
78,0
76,0
74,0
72,0
70,0
68,0
66,0
64,0
62,0
60,0
59,0
57,0,1
56,0,1
54,0,1
53,0,1
51,0,1
50,0,1
50,0,1
48,0,1
47,0,1
45,0,1
45,0,1
43,0,1
41,0,1
39,0,1
38,0,1
36,0,1
34,0,1
32,0,1,2
30,0,1,2
29,0,1,2
>>>>>>> Stashed changes
27,0,1,2
25,0,1,2
23,0,1,2
22,0,1,2
<<<<<<< Updated upstream
22,0,1,2
22,0,1,2
20,0,1,2
20,0,1,2
18,0,1,2,3
16,0,1,2,3
14,0,1,2,3
12,0,1,2,3,4
10,0,1,2,3,4
8,0,1,2,3,4,5,6
=======
21,0,1,2
20,0,1,2
20,0,1,2
20,0,1,2
20,0,1,2
18,0,1,2
16,0,1,2
14,0,1,2,3
12,0,1,2,3
10,0,1,2,3
8,0,1,2,3,4
>>>>>>> Stashed changes
6,0,1,2,3,4,5,6
4,0,1,2,3,4
2,0,1,2
81,0
79,0
77,0
75,0
73,0
71,0
<<<<<<< Updated upstream
69,0,1
67,0
65,0,1
63,0,1
62,0,1
60,0,1
59,0,1
58,0,1
57,0,1
55,0,1
54,0,1
53,0,1
51,0,1
49,0,1
47,0,1,2
46,0,1,2
45,0,1
45,0,1
43,0,1,2
42,0,1,2
40,0,1,2
38,0,1,2
36,0,1,2
34,0,1,2
33,0,1,2
33,0,1,2
31,0,1,2
30,0,1,2
29,0,1,2
28,0,1,2
27,0,1,2
25,0,1,2
24,0,1,2
23,0,1,2
22,0,1,2
20,0,1,2
18,0,1,2
16,0,1,2,3
14,0,1,2,3
12,0,1,2,3
10,0,1,2,3,4
8,0,1,2,3,4,5,6
6,0,1,2,3,4,5,6
4,0,1,2,3,4
2,0,1,2
81,0
79,0
77,0
75,0
73,0
71,0
69,0,1
67,0,1
65,0,1
63,0,1
62,0,1
61,0,1
59,0,1
58,0,1
56,0,1
55,0,1
54,0,1
53,0,1
52,0,1
51,0,1
49,0,1
48,0,1
47,0,1
45,0,1,2
44,0,1,2
42,0,1,2
41,0,1,2
40,0,1,2
38,0,1,2
37,0,1,2
37,0,1,2
36,0,1,2
36,0,1,2
35,0,1,2
34,0,1,2
32,0,1
31,0,1,2
30,0,1,2
29,0,1,2
28,0,1,2
26,0,1,2
24,0,1,2
22,0,1,2
20,0,1,2
18,0,1,2,3
16,0,1,2,3
14,0,1,2,3
12,0,1,2,3,4
10,0,1,2,3,4
8,0,1,2,3,4,5,6
=======
69,0
67,0
65,0
64,0
63,0
62,0
61,0
60,0
59,0
58,0
56,0,1
55,0,1
55,0
55,0
53,0,1
51,0,1
50,0,1
49,0,1
48,0,1
48,0,1
46,0,1
46,0,1
45,0,1
45,0,1
43,0,1
42,0,1
40,0,1
38,0,1
36,0,1
35,0,1
33,0,1
31,0,1,2
30,0,1,2
29,0,1,2
29,0,1,2
27,0,1,2
26,0,1,2
25,0,1,2
24,0,1,2
24,0,1,2
22,0,1,2
22,0,1,2
20,0,1,2
20,0,1,2
18,0,1,2
17,0,1,2
16,0,1,2
14,0,1,2
12,0,1,2,3
10,0,1,2,3
8,0,1,2,3,4
6,0,1,2,3,4,5,6
4,0,1,2,3,4
2,0,1,2
80,0
78,0
76,0
74,0
72,0
70,0
68,0
67,0
65,0
63,0
62,0
61,0
59,0
58,0
58,0
56,0
54,0
54,0,1
52,0,1
52,0,1
50,0,1
49,0,1
47,0,1
47,0,1
45,0,1
44,0,1
44,0,1
43,0,1
42,0,1
41,0,1
41,0,1
39,0,1
39,0,1
38,0,1
38,0,1
37,0,1
35,0,1
35,0,1
33,0,1
31,0,1,2
31,0,1
31,0,1,2
29,0,1,2
29,0,1,2
28,0,1,2
26,0,1,2
26,0,1,2
25,0,1,2
25,0,1,2
23,0,1,2
21,0,1,2
20,0,1,2
18,0,1,2
16,0,1,2
14,0,1,2
12,0,1,2,3
10,0,1,2,3
8,0,1,2,3,4
8,0,1,2,3,4
>>>>>>> Stashed changes
6,0,1,2,3,4,5,6
4,0,1,2,3,4
2,0,1,2
81,0
79,0
77,0
75,0
73,0
<<<<<<< Updated upstream
71,0,1
69,0,1
67,0,1
66,0,1
64,0,1
62,0,1
60,0,1
59,0,1
58,0,1
56,0,1
55,0,1
54,0,1
53,0,1
51,0,1
50,0,1
81,0
79,0
77,0
75,0
73,0
71,0,1
69,0,1
67,0,1
65,0,1
64,0,1
62,0,1
61,0,1
59,0,1
57,0,1
55,0,1
53,0,1
51,0,1
49,0,1
47,0,1
46,0,1,2
46,0,1
44,0,1,2
43,0,1,2
41,0,1,2
40,0,1,2
39,0,1
38,0,1,2
36,0,1,2
35,0,1,2
33,0,1,2
32,0,1,2
31,0,1,2
29,0,1,2
28,0,1,2
27,0,1,2
25,0,1,2
23,0,1,2
22,0,1,2
20,0,1,2
18,0,1,2
16,0,1
14,0,1,2
13,0,1,2
12,0,1,2
10,0,1,2
8,0,1,2,3,4,5,6
6,0,1,2,3,4,5,6
4,0,1,2,3,4
2,0,1,2
80,0
78,0
63,0,1
63,0,1
63,0,1
62,0,1
62,0,1
60,0,1
59,0,1
58,0,1
57,0,1
55,0,1
55,0,1
53,0,1
53,0,1
52,0,1
51,0,1
49,0,1
48,0,1,2
47,0,1,2
46,0,1,2
46,0,1,2
44,0,1,2
42,0,1,2
41,0,1,2
40,0,1,2
39,0,1,2
38,0,1,2
38,0,1,2
36,0,1,2
35,0,1,2
33,0,1,2
32,0,1,2
31,0,1,2
30,0,1,2
30,0,1,2
28,0,1,2
27,0,1,2
26,0,1,2
24,0,1,2
23,0,1,2
21,0,1,2
19,0,1,2
17,0,1,2,3
15,0,1,2,3
13,0,1,2,3
11,0,1,2,3,4
9,0,1,2,3,4,5
7,0,1,2,3,4,5,6,7
5,0,1,2,3,4,5
3,0,1,2,3
1,0,1
64,0,1
63,0,1
63,0,1
63,0,1
62,0,1
4,0,1,2,3,4
2,0,1,2
4,0,1,2,3,4
2,0,1,2
4,0,1,2,3,4
2,0,1,2
4,0,1,2,3,4
4,0,1,2,3,4
2,0,1,2
4,0,1,2,3,4
2,0,1,2
4,0,1,2,3,4
2,0,1,2
4,0,1,2,3,4
2,0,1,2
4,0,1,2,3,4
2,0,1,2
4,0,1,2,3,4
2,0,1,2
=======
71,0
70,0
68,0
66,0
64,0
62,0
60,0
59,0,1
58,0,1
57,0
57,0,1
56,0,1
54,0,1
53,0,1
51,0,1
49,0,1
47,0,1
46,0,1
46,0,1
44,0,1
42,0,1
41,0,1
40,0,1
39,0,1
37,0,1
37,0,1
37,0,1
36,0,1,2
34,0,1,2
33,0,1,2
32,0,1,2
30,0,1,2
29,0,1,2
28,0,1,2
26,0,1,2
24,0,1,2
23,0,1,2
23,0,1,2
22,0,1,2
21,0,1,2
19,0,1,2
17,0,1,2
15,0,1,2
13,0,1,2,3
80,0
78,0
76,0
74,0
72,0
70,0
68,0
66,0
64,0
62,0
60,0
58,0,1
57,0,1
56,0,1
54,0,1
52,0,1
50,0,1
81,0
79,0
>>>>>>> Stashed changes

81,0
81,0
81,0
81,0