
80,0,1,2
78,0,1,2
76,0,1,2
74,0,1,2
72,0,1,2
71,0,1,2
71,0,1,2
70,0,1,2
70,0,1,2
69,0,1,2
69,0,1,2
67,0,1,2
65,0,1,2
65,0,1,2
64,0,1,2
63,0,1,2
63,0,1,2
61,0,1,2
59,0,1,2
57,0,1,2
55,0,1,2
53,0,1,2
52,0,1,2
51,0,1,2
51,0,1,2
50,0,1,2
50,0,1,2
49,0,1,2
47,0,1,2
45,0,1,2
45,0,1,2
44,0,1,2
43,0,1,2
41,0,1,2
39,0,1,2
38,0,1,2
37,0,1,2
35,0,1,2
34,0,1,2
33,0,1,2
33,0,1,2
31,0,1,2,3
30,0,1,2,3
29,0,1,2,3
27,0,1,2,3,4
25,0,1,2,3,4
23,0,1,2,3
21,0,1,2,3,4
20,0,1,2,3
18,0,1,2,3
16,0,1,2,3,4
14,0,1,2,3,4
14,0,1,2,3,4
12,0,1,2,3,4
10,0,1,2,3,4,5
8,0,1,2,3,4,5,6,7,8
6,0,1,2,3,4,5,6
4,0,1,2,3,4
2,0,1,2
80,0,1,2
78,0,1,2
76,0,1,2
74,0,1,2
72,0,1,2
71,0,1,2
71,0,1,2
70,0,1,2
70,0,1,2
69,0,1,2
69,0,1,2
67,0,1,2
65,0,1,2
65,0,1,2
64,0,1,2
63,0,1,2
63,0,1,2
61,0,1,2
59,0,1,2
57,0,1,2
55,0,1,2
53,0,1,2
52,0,1,2
51,0,1,2
51,0,1,2
50,0,1,2
50,0,1,2
49,0,1,2
47,0,1,2
45,0,1,2
45,0,1,2
44,0,1,2
43,0,1,2
41,0,1,2
39,0,1,2
38,0,1,2
37,0,1,2
35,0,1,2
34,0,1,2
33,0,1,2
33,0,1,2
31,0,1,2,3
30,0,1,2,3
29,0,1,2,3
27,0,1,2,3,4
25,0,1,2,3,4
23,0,1,2,3
21,0,1,2,3,4
20,0,1,2,3,4
20,0,1,2,3
18,0,1,2,3,4
16,0,1,2,3,4
14,0,1,2,3,4
14,0,1,2,3,4
12,0,1,2,3,4,5
10,0,1,2,3,4,5
8,0,1,2,3,4,5,6,7,8
6,0,1,2,3,4,5,6
4,0,1,2,3,4
2,0,1,2