
81,0,1,2
79,0,1,2
77,0,1,2
75,0,1,2
73,0,1,2
71,0,1,2
71,0,1,2
70,0,1,2
70,0,1,2
69,0,1,2
69,0,1,2
68,0,1,2
66,0,1,2
65,0,1,2
64,0,1,2
64,0,1,2
63,0,1,2
62,0,1,2
60,0,1,2
58,0,1,2
56,0,1,2
54,0,1,2
52,0,1,2
51,0,1,2
51,0,1,2
51,0,1,2
50,0,1,2
50,0,1,2
48,0,1,2
46,0,1,2
45,0,1,2
44,0,1,2
44,0,1,2
42,0,1,2
40,0,1,2
38,0,1,2
37,0,1,2
36,0,1,2
34,0,1,2
34,0,1,2
33,0,1,2
32,0,1,2
31,0,1,2,3
30,0,1,2,3
28,0,1,2,3,4
26,0,1,2,3,4
24,0,1,2,3,4
22,0,1,2,3,4
20,0,1,2,3,4
19,0,1,2,3,4
17,0,1,2,3,4
15,0,1,2,3,4
14,0,1,2,3,4
13,0,1,2,3,4,5,6
11,0,1,2,3,4,5,6
9,0,1,2,3,4,5,6,7,8,9
7,0,1,2,3,4,5,6,7
5,0,1,2,3,4,5
3,0,1,2,3
1,0,1
81,0,1,2
79,0,1,2
77,0,1,2
75,0,1,2
73,0,1,2
71,0,1,2
71,0,1,2
70,0,1,2
70,0,1,2
69,0,1,2
69,0,1,2
68,0,1,2
66,0,1,2
65,0,1,2
64,0,1,2
64,0,1,2
63,0,1,2
62,0,1,2
60,0,1,2
58,0,1,2
56,0,1,2
54,0,1,2
52,0,1,2
51,0,1,2
51,0,1,2
51,0,1,2
50,0,1,2
50,0,1,2
48,0,1,2
46,0,1,2
45,0,1,2
44,0,1,2
44,0,1,2
42,0,1,2
40,0,1,2
38,0,1,2
37,0,1,2
36,0,1,2
34,0,1,2
34,0,1,2
33,0,1,2
32,0,1,2,3
31,0,1,2,3
30,0,1,2,3
28,0,1,2,3,4
26,0,1,2,3,4
24,0,1,2,3,4
22,0,1,2,3,4
20,0,1,2,3,4
20,0,1,2,3,4
19,0,1,2,3,4
17,0,1,2,3,4
15,0,1,2,3,4
14,0,1,2,3,4
13,0,1,2,3,4,5,6
11,0,1,2,3,4,5,6
9,0,1,2,3,4,5,6,7,8,9
7,0,1,2,3,4,5,6,7
5,0,1,2,3,4,5
3,0,1,2,3
1,0,1